11
100000 121 163 176 120 11 49 172 100000 100000 39 
121 100000 185 166 149 122 21 100000 102 40 138 
163 185 100000 100000 18 189 174 184 119 100000 112 
176 166 100000 100000 79 117 56 100000 145 100000 100000 
120 149 18 79 100000 100000 104 100000 100000 100000 141 
11 122 189 117 100000 100000 13 58 147 71 115 
49 21 174 56 104 13 100000 192 164 100000 100000 
172 100000 184 100000 100000 58 192 100000 89 100000 100000 
100000 102 119 145 100000 147 164 89 100000 100000 99 
100000 40 100000 100000 100000 71 100000 100000 100000 100000 19 
39 138 112 100000 141 115 100000 100000 99 19 100000 
