100
100000 3565 3039 1910 1503 2175 4526 100000 4946 497 1879 2873 2434 244 1556 1756 1075 114 1969 3520 3266 3681 902 4919 3136 3368 2677 100000 100000 3821 2543 2217 183 2657 4741 4324 100000 483 100000 1953 100000 100000 3167 4797 100000 877 100000 3121 4435 4663 100000 873 4658 3839 440 100000 100000 100000 100000 2941 2712 100000 2231 1812 1955 4022 1702 100000 574 100000 3931 1566 3705 100000 100000 1747 4330 2932 2764 100000 1039 280 100000 100000 1422 4850 4510 100000 42 640 2788 100000 1925 4337 2550 887 4398 4511 752 1350 
3565 100000 3410 2879 2062 134 4165 3129 100000 3444 100000 314 3739 85 100000 3865 418 1559 100000 1989 72 15 2767 1271 1058 1700 100000 333 1135 1851 100000 1875 2403 466 100000 100000 2700 3704 100000 1986 100000 4102 1071 2342 1889 4765 1915 4555 3085 4034 1792 2662 2601 2604 1363 100000 4742 1215 2258 2457 1667 1324 1840 305 2776 4028 4489 4669 1642 4249 100000 1781 100000 4615 4393 4664 971 3119 4099 1303 3269 4687 3461 3143 100000 100000 1256 2201 100000 996 3958 2492 3625 3569 3793 100000 2306 100000 4657 100000 
3039 3410 100000 3948 100000 1023 100000 1549 4066 3584 1017 100000 4831 3502 2259 1864 3903 4229 1592 1906 100000 4927 3183 736 4254 1902 2144 4881 3528 100000 100000 1934 100000 2431 100000 100000 689 4144 472 1077 3353 306 100000 100000 2324 4730 1263 4548 262 3893 100000 100000 4686 1194 4746 100000 100000 100000 2389 4531 100000 1867 3545 100000 521 100000 2546 12 1541 2508 1984 1739 4753 1475 3498 152 361 100000 726 3610 100000 122 3268 4545 1205 1595 100000 3313 1449 4245 100000 3450 4785 3476 1796 100000 100000 3965 1751 4436 
1910 2879 3948 100000 917 4556 3424 4501 100000 3028 100000 4845 3560 100000 396 697 4246 4876 2536 3390 100000 3770 273 100000 3530 4118 100000 4119 4320 100000 3850 3511 1560 100000 1028 438 100000 1807 3548 4891 117 501 3505 100000 898 100000 4920 3319 1994 1273 100000 1762 4751 100000 1009 4463 455 100000 100000 100000 100000 4308 100000 2671 2500 4061 100000 922 3824 3742 3512 4025 826 100000 2491 458 219 100000 1927 3891 1868 4114 1950 4502 4788 828 3990 100000 100000 1962 2196 100000 2682 533 100000 1247 4475 2937 1909 3589 
1503 2062 100000 917 100000 3678 3551 3538 616 4883 100000 1971 3366 100000 4763 100000 4247 60 3870 100000 2716 299 1580 100000 1936 2264 100000 100000 2819 2503 1631 100000 3431 4449 2445 4184 682 100000 2846 100000 823 1872 4512 100000 100000 2160 3838 966 3783 4547 100000 3154 100000 3010 100000 863 1952 4988 2438 1653 3168 100000 4103 100000 3683 4430 1214 1454 2939 100000 100000 2654 3333 819 550 1980 100000 2529 1734 2117 1318 4993 3381 4417 100000 4317 3317 2056 3350 3092 1007 100000 1644 3166 100000 3322 2908 834 100000 2000 
2175 134 1023 4556 3678 100000 4388 844 2430 100000 3433 2888 100000 1575 100000 100000 676 379 248 3553 3991 100000 1430 100000 4326 4072 100000 554 2892 100000 187 23 3089 4315 2796 4904 1888 1367 4376 4208 100000 100000 1705 3437 1652 100000 100000 100000 3771 4578 2911 3517 3076 626 4166 2131 100000 100000 2249 4460 363 4958 911 4689 2227 2799 100000 4990 4726 3588 100000 100000 1675 100000 1916 2208 100000 4137 1746 2089 100000 4363 1066 2341 4012 3212 677 100000 1987 1815 2396 3284 3078 3155 1546 2522 100000 95 100000 1366 
4526 4165 100000 3424 3551 4388 100000 2046 4586 100000 1111 100000 100000 3541 4296 178 3614 3278 100000 2004 382 2405 3774 4677 100000 3393 1660 313 100000 2112 3658 3300 100000 4434 100000 100000 100000 4970 1060 1376 2620 1923 100000 3942 1858 84 815 100000 3537 171 658 1011 3190 100000 2829 3033 100000 3953 2956 3127 100000 2392 2951 100000 2504 3566 4853 1929 4359 100000 100000 100000 90 2198 100000 3385 4032 686 2187 317 170 4001 4171 100000 3188 1995 387 3388 1787 1408 1806 420 3241 3715 100000 1279 798 3886 4761 100000 
100000 3129 1549 4501 3538 844 2046 100000 100000 1573 100000 3399 4781 2554 2331 4999 100000 100000 1800 2884 4907 3814 2357 100000 3549 4983 4236 4067 100000 100000 413 1105 3344 100000 4043 3233 745 100000 604 3318 2924 924 100000 1365 100000 3407 1871 569 100000 1081 2319 997 100000 1327 2377 100000 1900 3189 484 4428 4433 100000 3797 100000 100000 2957 3220 3680 100000 100000 4250 4109 2100 100000 3557 2189 3532 2830 2696 2545 443 100000 3471 100000 100000 100000 633 1121 3952 2765 3048 2205 1743 3201 1998 3559 4594 100000 2901 4889 
4946 100000 4066 100000 616 2430 4586 100000 100000 100000 1352 3863 2519 100000 100000 4936 2741 4139 100000 405 100000 3925 2954 4190 2555 4151 3025 2739 2256 4270 100000 100000 783 4864 2037 100000 100000 100000 1187 947 2571 1203 2310 100000 100000 319 100000 4138 1859 3306 100000 4080 2375 4258 1384 3086 2659 115 761 2465 100000 192 2564 70 100000 4482 4530 3776 3848 1144 2825 3781 55 1831 4164 618 297 3307 100000 4339 2263 3047 100000 4908 100000 4220 4322 3191 1210 4358 4351 100000 3019 100000 1004 3477 100000 100000 123 3998 
497 3444 3584 3028 4883 100000 100000 1573 100000 100000 100000 100000 4309 3621 557 30 1813 4037 359 100000 2197 100000 100000 100000 4833 100000 4283 2872 1231 231 1752 4170 4962 100000 1530 100000 100000 1670 1620 100000 631 100000 2364 4454 100000 100000 1359 100000 2907 100000 700 404 100000 302 1478 100000 100000 2619 3580 2119 1234 2971 100000 100000 2436 1772 100000 564 1520 100000 100000 4564 2115 2041 2916 100000 1708 2416 3555 100000 763 28 2666 1317 3631 4727 4215 2216 2860 2279 2653 100000 100000 1133 1527 3712 2585 238 4704 253 
1879 100000 1017 100000 100000 3433 1111 100000 1352 100000 100000 100000 100000 2035 100000 4786 642 1403 879 100000 1764 100000 412 647 3451 3562 1268 704 3360 4752 1034 100000 2236 1753 651 100000 2962 767 100000 4263 3292 4377 2307 100000 2413 3463 3434 611 100000 3856 100000 3919 1462 652 2685 3662 3917 2184 4609 3765 3068 100000 100000 3327 979 3574 2798 2013 758 4610 100000 100000 80 2592 1312 3509 100000 1970 100000 2094 746 4287 3052 100000 2170 4369 100000 3970 100000 4562 4989 1826 1876 100000 3828 3348 1890 2559 4857 100000 
2873 314 100000 4845 1971 2888 100000 3399 3863 100000 100000 100000 2243 100000 4522 2362 3267 2952 2528 3976 945 4423 878 3857 4692 4770 1070 100000 1050 1286 608 3670 2707 3669 3056 520 182 866 2098 4567 4243 3802 4432 3496 539 100000 910 4402 2534 4175 2501 4334 100000 3077 100000 266 4539 234 2393 100000 2111 3457 2737 2732 100000 1721 4682 2735 1624 3718 2589 100000 100000 100000 1939 2076 100000 4778 4181 100000 4413 3963 100000 25 100000 1508 13 592 4738 1710 4863 1132 100000 4140 1460 100000 4255 4932 3960 100000 
2434 3739 4831 3560 3366 100000 100000 4781 2519 4309 100000 2243 100000 4437 2373 100000 3513 1601 4360 274 2294 778 100000 100000 100000 3308 4295 383 3490 655 100000 100000 1316 1790 4969 100000 1651 100000 1954 100000 4641 1191 639 100000 3227 831 2007 100000 100000 100000 3702 100000 100000 2050 41 1412 3947 3968 100000 77 653 3443 301 100000 994 1683 4008 1147 475 903 100000 100000 2332 100000 3986 100000 4084 100000 100000 3690 1688 100000 3408 3544 3440 4011 49 3159 3004 100000 298 355 339 3510 100000 1877 4020 2842 4136 622 
244 85 3502 100000 100000 1575 3541 2554 100000 3621 2035 100000 4437 100000 100000 100000 100000 3794 2483 468 719 2898 804 4333 1782 3469 2821 796 350 100000 1432 100000 2692 2116 2333 2797 4394 100000 3757 100000 100000 100000 3478 2750 100000 2025 4725 100000 889 4602 100000 851 4583 100000 2746 2171 100000 3725 1691 1405 4826 100000 1451 3467 100000 100000 1550 4525 4387 100000 4147 100000 3630 100000 1281 100000 978 931 100000 100000 2812 1697 3945 2584 4278 3331 1716 3235 140 104 3985 3128 565 2204 615 100000 4206 100000 100000 100000 
1556 100000 2259 396 4763 100000 4296 2331 100000 557 100000 4522 2373 100000 100000 3022 848 3887 2929 2146 100000 4364 932 1176 2875 100000 3091 2026 45 100000 1277 100000 4188 100000 4872 1470 2983 100000 100000 2359 1917 4913 2124 100000 27 3950 100000 100000 100000 4757 2965 303 100000 100000 2530 242 3400 2122 3688 1737 2920 100000 439 478 3061 3734 191 2650 1684 1063 116 1634 4033 3256 63 100000 1379 100000 4714 2246 442 100000 100000 201 577 937 100000 2096 3045 1878 4631 1802 1073 2581 4910 100000 1423 2238 100000 2486 
1756 3865 1864 697 100000 100000 178 4999 4936 30 4786 2362 100000 100000 3022 100000 2424 3181 100000 1506 3987 100000 1444 4832 136 1057 451 4438 1574 3994 4470 100000 4819 100000 1991 4310 4868 1099 3573 100000 100000 100000 2426 2320 100000 4048 3900 3104 2138 2178 2485 4928 2863 2316 687 547 100000 3926 100000 2163 2785 1398 733 100000 1476 4950 1901 4601 3698 259 100000 476 100000 4598 3148 2679 100000 100000 100000 3981 4557 4405 4550 4722 522 100000 4069 4479 100000 2669 766 4299 1372 1157 3265 1100 100000 3006 2190 4104 
1075 418 3903 4246 4247 676 3614 100000 2741 1813 642 3267 3513 100000 848 2424 100000 1982 100000 4743 1584 2897 2963 2329 4288 2080 1129 3338 100000 100000 100000 2805 1190 3487 245 1342 2228 100000 821 2687 215 1275 3722 1935 2949 555 3938 100000 747 2733 1380 2744 2147 4978 1801 1118 3279 100000 1964 100000 4290 100000 398 1723 3803 100000 1387 3634 2780 100000 3271 4652 2473 1431 2883 807 3087 2260 100000 3020 3645 964 4600 100000 436 4966 735 4176 838 100000 100000 760 1609 2990 2783 1490 1579 3801 562 3989 
114 1559 4229 4876 60 379 3278 100000 4139 4037 1403 2952 1601 3794 3887 3181 1982 100000 100000 3272 2433 100000 4827 1522 100000 1726 537 2383 912 4543 4374 240 1435 963 1713 1805 100000 100000 3425 2960 100000 100000 401 463 100000 1037 1311 1022 100000 100000 2802 100000 1357 100000 750 3796 100000 3791 100000 3939 2063 1383 100000 100000 148 4349 2702 1479 4685 1108 3012 1869 601 2982 3029 3187 1024 4035 1873 362 920 4684 100000 4945 2730 402 2454 4816 3396 4559 2374 4371 426 3131 2743 2480 3493 1410 1783 2312 
1969 100000 1592 2536 3870 248 100000 1800 100000 359 879 2528 4360 2483 2929 100000 100000 100000 100000 81 3411 2181 100000 100000 785 2562 4873 100000 2639 2095 2225 2644 1943 100000 1725 3157 789 974 526 100000 983 2516 3693 100000 2902 4262 100000 100000 2200 4481 4465 913 3552 3055 1635 1267 3196 1162 628 37 2977 100000 2926 1956 4852 3859 2509 100000 1487 855 100000 3518 1067 4223 490 3293 1122 2278 2608 2763 3993 1817 1415 424 100000 100000 1679 100000 1870 4575 2291 4740 1485 876 3665 2803 100000 93 3592 4487 
3520 1989 1906 3390 100000 3553 2004 2884 405 100000 100000 3976 274 468 2146 1506 4743 3272 81 100000 3030 2649 4882 100000 100000 2038 100000 138 1662 833 1181 100000 100000 100000 4706 20 4297 3798 3172 100000 100000 723 100000 100000 4620 961 2548 100000 100000 226 558 4523 100000 1789 4623 875 4251 100000 495 100000 3936 100000 2121 3107 3145 3118 100000 4291 100000 2777 4640 11 100000 3429 2794 4395 527 100000 100000 54 100000 100000 453 1509 100000 304 2366 1198 3084 1699 100000 1838 100000 2031 100000 3132 100000 100000 100000 100000 
3266 72 100000 100000 2716 3991 382 4907 100000 2197 1764 945 2294 719 100000 3987 1584 2433 3411 3030 100000 3943 100000 4514 3875 1401 4259 107 75 4056 100000 2751 4649 702 4968 3582 100000 100000 670 2640 4125 1035 100000 3413 2009 2973 2505 100000 811 4108 258 620 1468 507 2606 4286 4535 100000 2749 100000 100000 315 2658 1388 2955 1866 100000 100000 100000 2418 100000 660 2218 2086 708 1036 100000 100000 1793 3445 3605 100000 1681 2211 4843 4039 146 100000 4478 972 3290 78 340 3689 4915 100000 100000 2855 100000 100000 
3681 15 4927 3770 299 100000 2405 3814 3925 100000 100000 4423 778 2898 4364 100000 2897 100000 2181 2649 3943 100000 1235 324 928 100000 4506 100000 100000 3649 100000 100000 587 2367 1616 4279 1305 100000 4112 2107 100000 2867 3040 100 228 3036 2664 100000 2440 4314 886 4997 100000 1429 429 4554 2912 625 100000 100000 4643 3453 1886 408 471 2442 1650 955 3841 112 100000 2406 3899 100000 1891 2814 584 100000 1283 1344 1816 716 960 884 3229 1010 3628 100000 2286 1719 100000 2277 3760 100000 100000 3825 1021 100000 4325 530 
902 2767 3183 273 1580 1430 3774 2357 2954 100000 412 878 100000 804 932 1444 2963 4827 100000 4882 100000 1235 100000 4846 3005 3462 3830 1252 777 2209 100000 100000 2893 3805 100000 100000 3194 2995 3733 100000 100000 906 4563 100000 1578 423 100000 1510 3767 4233 3203 659 2622 4774 613 367 1547 4021 474 3907 2824 100000 638 2948 3499 3485 100000 100000 3992 857 100000 559 2017 1136 1294 1407 252 100000 1443 3911 100000 1963 100000 4587 100000 4085 690 2979 4909 918 3359 3529 1920 2451 696 100000 2425 2809 4439 4768 
4919 1271 736 100000 100000 100000 4677 100000 4190 100000 647 3857 100000 4333 1176 4832 2329 1522 100000 100000 4514 324 4846 100000 3365 100000 1617 1093 515 3 3642 1773 3711 1224 100000 3598 942 4461 1645 1196 1251 3042 2077 100000 100000 976 3163 1491 100000 310 3611 890 269 575 3123 3195 867 1913 48 1337 771 4918 3639 100000 4604 2061 100000 1219 2713 4813 2394 3812 576 3177 4216 4214 6 100000 100000 1374 4622 4191 3245 1127 100000 3442 4496 4553 2832 2104 2520 3763 869 4257 4660 3301 1414 100000 4560 3259 
3136 1058 4254 3530 1936 4326 100000 3549 2555 4833 3451 4692 100000 1782 2875 136 4288 100000 785 100000 3875 928 3005 3365 100000 4064 2757 2625 1335 100000 1524 2472 4265 4113 100000 4848 3980 919 2994 3845 3940 3426 100000 2642 3514 100000 1525 3699 100000 3937 3523 1425 4332 185 1168 2109 100000 100000 2862 617 2591 1895 1883 2877 2773 3740 2772 1860 3561 3749 2734 100000 100000 100000 939 4107 2919 100000 1370 100000 100000 1843 1648 8 2415 100000 3855 100000 487 1152 3238 419 4 3283 4880 2311 1819 100000 3064 100000 
3368 1700 1902 4118 2264 4072 3393 4983 4151 100000 3562 4770 3308 3469 100000 1057 2080 1726 2562 2038 1401 100000 3462 100000 4064 100000 22 100000 4237 100000 4830 4679 2463 2660 100000 325 3173 1031 4277 548 124 3409 802 100000 4520 100000 100000 2909 2130 2295 100000 2587 3956 3174 865 100000 100000 100000 100000 1894 2386 2652 2407 450 100000 100000 4653 100000 582 1441 100000 286 2927 3927 2786 2290 100000 3447 100000 3210 3458 100000 100000 4951 2051 2212 100000 2641 3962 100000 100000 1386 100000 2265 100000 4474 3355 100000 3853 2388 
2677 100000 2144 100000 100000 100000 1660 4236 3025 4283 1268 1070 4295 2821 3091 451 1129 537 4873 100000 4259 4506 3830 1617 2757 22 100000 3050 100000 34 2261 4944 100000 100000 1640 3015 2755 100000 100000 1243 232 100000 2475 780 100000 100000 1741 397 2402 3908 100000 744 3112 456 100000 2629 3966 2612 100000 4391 3836 4419 2040 4368 3654 2854 100000 2967 449 3894 399 1517 914 100000 496 2314 100000 3703 2672 4418 433 4739 1242 100000 100000 100000 1605 4516 2103 4083 100000 3579 9 967 100000 91 2499 7 100000 100000 
100000 333 4881 4119 100000 554 313 4067 2739 2872 704 100000 383 796 2026 4438 3338 2383 100000 138 107 100000 1252 1093 2625 100000 3050 100000 4447 1418 100000 3638 100000 4836 871 3874 3772 727 100000 3961 4403 220 100000 4347 100000 2015 100000 100000 3577 806 2113 4854 4749 954 100000 3147 4256 100000 2729 388 1395 2082 1481 4524 1130 2108 3389 2695 4644 100000 100000 3633 2071 74 1526 100000 100000 1402 1255 1223 3369 1332 1623 720 3044 4356 100000 100000 1072 100000 100000 100000 1185 4985 100000 100000 100000 100000 581 4721 
100000 1135 3528 4320 2819 2892 100000 100000 2256 1231 3360 1050 3490 350 45 1574 100000 912 2639 1662 75 100000 777 515 1335 4237 100000 4447 100000 100000 3650 4710 2953 3982 100000 4759 3500 1064 100000 1669 415 4155 2125 1084 925 100000 2272 4755 3002 2801 113 100000 2057 295 2523 4082 1292 1914 669 1553 4673 4498 4599 154 509 4648 100000 1261 627 100000 100000 1382 2876 1690 1143 4871 2360 100000 3743 1159 100000 100000 4425 4955 3714 2697 3834 2266 3867 100000 2795 100000 3909 100000 849 4528 100000 4798 2857 100000 
3821 1851 100000 100000 2503 100000 2112 100000 4270 231 4752 1286 655 100000 100000 3994 100000 4543 2095 833 4056 3649 2209 3 100000 100000 34 1418 100000 100000 100000 1237 100000 100000 100000 2288 784 1042 1025 2334 100000 100000 3979 1548 2395 3035 2232 2370 2784 1809 3826 2444 332 1835 1921 452 3184 4519 2397 100000 100000 2958 4573 100000 4253 100000 328 1500 2974 4546 100000 4577 3335 3591 1588 4796 2754 1307 100000 100000 2452 344 100000 1771 100000 100000 2968 614 100000 2906 3158 2230 394 2449 3314 493 100000 4773 100000 4870 
2543 100000 100000 3850 1631 187 3658 413 100000 1752 1034 608 100000 1432 1277 4470 100000 4374 2225 1181 100000 100000 100000 3642 1524 4830 2261 100000 3650 100000 100000 3597 4269 3038 1538 100000 2003 3651 100000 14 3257 4480 2173 4513 3032 100000 1248 100000 3854 3832 100000 1103 1602 4131 1846 524 3522 281 1844 1861 4607 1338 2273 740 4150 1882 100000 3066 100000 1448 1195 732 100000 3287 2327 4499 3600 3661 4828 2566 1632 3134 3120 100000 836 1656 1990 100000 4736 4971 211 2254 165 1323 1406 2233 38 2598 3904 3790 
2217 1875 1934 3511 100000 23 3300 1105 100000 4170 100000 3670 100000 100000 100000 100000 2805 240 2644 100000 2751 100000 100000 1773 2472 4679 4944 3638 4710 1237 3597 100000 1446 2718 4130 1698 2036 1583 1241 2253 1492 100000 100000 2560 764 100000 1535 369 1633 100000 3380 585 100000 2028 1776 3905 2711 100000 4225 100000 4647 2398 2427 2244 4729 100000 353 2597 768 163 2349 4707 2058 100000 1551 368 3323 3430 100000 1496 3629 342 4228 1687 2848 100000 2549 4459 3808 3438 3232 100000 3731 1053 100000 2412 100000 100000 100000 1497 
183 2403 100000 1560 3431 3089 100000 3344 783 4962 2236 2707 1316 2692 4188 4819 1190 1435 1943 100000 4649 587 2893 3711 4265 2463 100000 100000 2953 100000 4269 1446 100000 100000 188 4132 3475 2553 3248 2537 2287 1278 100000 685 2344 3088 1153 4814 100000 2203 4967 518 1101 2694 2330 100000 100000 2680 100000 1182 100000 100000 100000 1226 100000 100000 100000 100000 2151 4811 47 1655 4094 100000 100000 24 389 4455 100000 1568 2372 3531 4076 282 1055 3547 1095 2241 3289 100000 199 754 4063 2626 2177 100000 3240 662 100000 3312 
2657 466 2431 100000 4449 4315 4434 100000 4864 100000 1753 3669 1790 2116 100000 100000 3487 963 100000 100000 702 2367 3805 1224 4113 2660 100000 4836 3982 100000 3038 2718 100000 100000 100000 4961 100000 391 984 2127 100000 674 1647 958 2296 4468 100000 100000 3217 2172 100000 4701 100000 1288 707 100000 100000 1472 4195 1780 202 1206 624 612 3401 236 4869 100000 100000 2102 100000 757 100000 1297 3192 4782 4390 4123 2961 100000 2322 3586 4874 4274 949 2665 4159 4825 1199 100000 100000 4040 3448 1427 100000 3326 411 4672 654 3800 
4741 100000 100000 1028 2445 2796 100000 4043 2037 1530 651 3056 4969 2333 4872 1991 245 1713 1725 4706 4968 1616 100000 100000 100000 100000 1640 871 100000 100000 1538 4130 188 100000 100000 3695 3179 4947 4232 3144 3675 3215 2191 100000 100000 100000 33 3403 100000 1754 1814 100000 100000 100000 1437 4408 100000 3618 2828 3599 4637 3809 1569 2975 4174 221 2850 4466 3655 100000 139 100000 2423 4006 100000 583 3336 100000 3810 100000 989 4980 841 4209 1397 1759 1903 3813 4646 498 1829 2302 4756 100000 2880 1822 1272 67 100000 100000 
4324 100000 100000 438 4184 4904 100000 3233 100000 100000 100000 520 100000 2797 1470 4310 1342 1805 3157 20 3582 4279 100000 3598 4848 325 3015 3874 4759 2288 100000 1698 4132 4961 3695 100000 100000 2468 731 4670 3677 1228 100000 2708 100000 1424 4605 3016 100000 100000 4106 4754 4301 4762 100000 2421 100000 100000 100000 1284 1972 4493 1092 4143 683 100000 3932 4197 1151 422 2305 2792 100000 100000 1706 4815 678 100000 100000 4981 2439 1253 100000 693 4156 1459 2325 4221 4518 2136 3921 4906 2447 1825 3394 3008 2978 2128 860 3835 
100000 2700 689 100000 682 1888 100000 745 100000 100000 2962 182 1651 4394 2983 4868 2228 100000 789 4297 100000 1305 3194 942 3980 3173 2755 3772 3500 784 2003 2036 3475 100000 3179 100000 100000 100000 1513 100000 100000 4588 1218 100000 1340 3146 100000 223 1863 2284 2129 1328 3483 1585 4619 4340 4949 4717 3452 943 3829 100000 1131 1621 1221 100000 445 100000 4903 2064 1003 3103 2482 100000 100000 119 100000 3997 4440 4764 2441 100000 606 195 1090 276 3398 2245 3151 3710 3890 100000 1696 100000 4081 3242 1259 2815 1703 100000 
483 3704 4144 1807 100000 1367 4970 100000 100000 1670 767 866 100000 100000 100000 1099 100000 100000 974 3798 100000 100000 2995 4461 919 1031 100000 727 1064 1042 3651 1583 2553 391 4947 2468 100000 100000 3764 3635 2578 4895 1758 2275 3632 4202 1213 2039 100000 2303 3014 100000 2715 100000 4688 3305 135 2870 3672 1125 3778 217 100000 1610 2704 100000 100000 1832 4194 100000 3387 2858 3246 100000 1557 3595 4379 100000 3663 680 525 1179 1006 4384 100000 3037 4817 4086 2859 3254 100000 3276 100000 100000 1420 2582 2752 2343 1760 100000 
100000 100000 472 3548 2846 4376 1060 604 1187 1620 100000 2098 1954 3757 100000 3573 821 3425 526 3172 670 4112 3733 1645 2994 4277 100000 100000 100000 1025 100000 1241 3248 984 4232 731 1513 3764 100000 100000 3247 2689 4867 4212 100000 100000 556 3741 545 1377 2120 1134 2213 100000 1603 929 1570 2489 100000 3213 277 100000 100000 380 3593 1502 100000 3735 100000 100000 1494 100000 173 57 3888 100000 4217 1795 100000 3497 100000 4642 2 4469 4024 1274 1088 1163 100000 100000 1562 3090 2810 3249 100000 1000 3170 4568 120 2770 
1953 1986 1077 4891 100000 4208 1376 3318 947 100000 4263 4567 100000 100000 2359 100000 2687 2960 100000 100000 2640 2107 100000 1196 3845 548 1243 3961 1669 2334 14 2253 2537 2127 3144 4670 100000 3635 100000 100000 4448 100000 3525 1065 100000 100000 4042 100000 100000 1722 2918 130 100000 1666 675 2820 698 2921 100000 3860 4590 4802 560 2008 4411 100000 4552 2727 1924 100000 1881 4733 100000 3358 100000 517 4823 4771 3983 334 2270 100000 100000 985 2934 737 2943 3896 3412 1528 4849 1145 2864 3372 100000 1735 247 100000 100000 1289 
100000 100000 3353 117 823 100000 2620 2924 2571 631 3292 4243 4641 100000 1917 100000 215 100000 983 100000 4125 100000 100000 1251 3940 124 232 4403 415 100000 3257 1492 2287 100000 3675 3677 100000 2578 3247 4448 100000 222 502 100000 4443 3616 289 2043 100000 100000 3135 3641 100000 692 1473 1537 599 374 4044 4153 3141 100000 4606 1439 100000 4414 100000 899 2210 100000 4157 150 3053 100000 100000 3115 100000 4893 4182 100000 4979 1865 998 3315 1052 2478 650 1421 1392 4638 100000 1947 3209 4162 100000 100000 1966 4289 1880 3554 
100000 4102 306 501 1872 100000 1923 924 1203 100000 4377 3802 1191 100000 4913 100000 1275 100000 2516 723 1035 2867 906 3042 3426 3409 100000 220 4155 100000 4480 100000 1278 674 3215 1228 4588 4895 2689 100000 222 100000 512 360 100000 2034 1 3581 3957 100000 1291 2066 1821 3556 100000 2981 4090 3018 100000 1919 100000 4362 597 4306 4421 3636 4248 830 100000 100000 100000 4365 1540 100000 43 100000 3270 3623 3069 4894 916 3473 1665 2761 100000 2703 2844 435 840 100000 100000 3895 3264 818 381 3222 100000 100000 2470 2656 
3167 1071 100000 3505 4512 1705 100000 100000 2310 2364 2307 4432 639 3478 2124 2426 3722 401 3693 100000 100000 3040 4563 2077 100000 802 2475 100000 2125 3979 2173 100000 100000 1647 2191 100000 1218 1758 4867 3525 502 512 100000 149 3285 100000 3124 4695 1417 1638 407 2401 100000 2073 1008 4794 1985 1156 100000 131 100000 953 3176 100000 3225 2839 1183 4616 100000 1362 4492 1302 100000 3057 3224 100000 1761 3910 793 2474 1567 4074 649 2350 386 100000 100000 1555 227 100000 100000 2742 3747 4096 4558 100000 3142 100000 4457 1845 
4797 2342 100000 100000 100000 3437 3942 1365 100000 4454 100000 3496 100000 2750 100000 2320 1935 463 100000 100000 3413 100 100000 100000 2642 100000 780 4347 1084 1548 4513 2560 685 958 100000 2708 100000 2275 4212 1065 100000 360 149 100000 260 2466 1571 3234 1098 3386 100000 603 100000 2720 4127 3713 3578 4504 2709 100000 2986 100000 3745 4183 4167 896 4719 3376 4336 1193 1061 370 100000 4073 100000 133 100000 1874 2283 2538 2257 2092 1695 2065 1545 1229 519 4900 3356 2323 100000 2006 2126 177 635 535 2365 4656 203 3506 
100000 1889 2324 898 100000 1652 1858 100000 100000 100000 2413 539 3227 100000 27 100000 2949 100000 2902 4620 2009 228 1578 100000 3514 4520 100000 100000 925 2395 3032 764 2344 2296 100000 100000 1340 3632 100000 100000 4443 100000 3285 260 100000 1106 4655 3486 4618 100000 4897 3072 566 3617 1933 100000 4561 2414 100000 2594 100000 100000 100000 2837 26 4885 3182 100000 100000 1330 4341 4886 2623 96 100000 2255 100000 4709 1604 1083 845 607 2661 4227 2947 204 1477 459 2976 2705 3691 2032 4401 2411 1146 4133 1207 671 275 1828 
877 4765 4730 100000 2160 100000 84 3407 319 100000 3463 100000 831 2025 3950 4048 555 1037 4262 961 2973 3036 423 976 100000 100000 100000 2015 100000 3035 100000 100000 3088 4468 100000 1424 3146 4202 100000 100000 3616 2034 100000 2466 1106 100000 3656 500 100000 1434 563 100000 2237 1774 100000 4091 3017 4566 210 2353 4060 694 1515 4820 100000 3316 2618 2408 4422 1015 2969 2678 908 4424 505 100000 1837 741 100000 100000 100000 100000 100000 100000 2668 251 850 3604 100000 915 100000 936 4505 3624 137 1172 3328 4982 100000 1087 
100000 1915 1263 4920 3838 100000 815 1871 100000 1359 3434 910 2007 4725 100000 3900 3938 1311 100000 2548 2505 2664 100000 3163 1525 100000 1741 100000 2272 2232 1248 1535 1153 100000 33 4605 100000 1213 556 4042 289 1 3124 1571 4655 3656 100000 213 100000 1531 1834 1019 3585 100000 100000 2565 100000 499 1944 2514 3685 2137 1488 3516 4331 100000 4378 1533 1516 4305 3280 4026 169 1282 1504 2910 663 2410 100000 1899 2993 100000 3391 3526 100000 2573 4856 1853 1636 2726 100000 100000 1202 3519 3674 2905 3787 100000 100000 2118 
3121 4555 4548 3319 966 100000 100000 569 4138 100000 611 4402 100000 100000 100000 3104 100000 1022 100000 100000 100000 100000 1510 1491 3699 2909 397 100000 4755 2370 100000 369 4814 100000 3403 3016 223 2039 3741 100000 2043 3581 4695 3234 3486 500 213 100000 3847 100000 2214 2234 3818 4120 100000 3299 1285 4923 100000 1119 100000 100000 2420 2337 776 393 4410 4745 3951 2856 1258 100000 100000 100000 2156 4389 1599 1026 100000 100000 2097 959 3239 3673 83 4321 1692 100000 256 3395 100000 4551 4235 2268 861 3837 1618 100000 2552 2450 
4435 3085 262 1994 3783 3771 3537 100000 1859 2907 100000 2534 100000 889 100000 2138 747 100000 2200 100000 811 2440 3767 100000 100000 2130 2402 3577 3002 2784 3854 1633 100000 3217 100000 100000 1863 100000 545 100000 100000 3957 1417 1098 4618 100000 100000 3847 100000 4141 100000 1440 100000 4234 1107 3754 1519 4015 679 3489 100000 1521 921 3708 88 1029 239 4779 1591 100000 2110 3667 35 2723 1269 100000 100000 428 1707 100000 897 2843 3324 699 100000 3470 2335 1469 100000 4000 300 822 888 1389 2352 1150 2588 4238 995 89 
4663 4034 3893 1273 4547 4578 171 1081 3306 100000 3856 4175 100000 4602 4757 2178 2733 100000 4481 226 4108 4314 4233 310 3937 2295 3908 806 2801 1809 3832 100000 2203 2172 1754 100000 2284 2303 1377 1722 100000 100000 1638 3386 100000 1434 1531 100000 4141 100000 3423 3436 3304 4965 1416 292 3880 3807 100000 1946 3404 229 4145 1170 4242 3831 100000 2984 1013 4574 4737 3799 3609 1928 100000 1458 4110 100000 100000 749 3169 3464 3858 100000 100000 100000 193 100000 4071 4097 2385 2317 3643 4158 156 1808 4926 2460 2429 2511 
100000 1792 100000 100000 100000 2911 658 2319 100000 700 100000 2501 3702 100000 2965 2485 1380 2802 4465 558 258 886 3203 3611 3523 100000 100000 2113 113 3826 100000 3380 4967 100000 1814 4106 2129 3014 2120 2918 3135 1291 407 100000 4897 563 1834 2214 100000 3423 100000 2084 2558 2693 644 100000 3603 357 2583 1784 2840 4858 2355 100000 100000 100000 100000 2775 2019 198 3949 829 1948 2018 2498 4450 593 100000 1428 4116 779 751 4650 100000 2271 1089 3777 100000 100000 100000 1572 1597 100000 881 100000 100000 946 4344 473 2276 
873 2662 100000 1762 3154 3517 1011 997 4080 404 3919 4334 100000 851 303 4928 2744 100000 913 4523 620 4997 659 890 1425 2587 744 4854 100000 2444 1103 585 518 4701 100000 4754 1328 100000 1134 130 3641 2066 2401 603 3072 100000 1019 2234 1440 3436 2084 100000 3924 1189 100000 3484 100000 2369 1893 100000 100000 4445 100000 4576 3916 4875 3866 665 1079 366 2186 100000 100000 1466 100000 4192 4497 3362 800 3666 4019 3819 2192 4345 100000 4346 856 1973 100000 53 4196 1857 2676 100000 100000 681 1304 129 437 100000 
4658 2601 4686 4751 100000 3076 3190 100000 2375 100000 1462 100000 100000 4583 100000 2863 2147 1357 3552 100000 1468 100000 2622 269 4332 3956 3112 4749 2057 332 1602 100000 1101 100000 100000 4301 3483 2715 2213 100000 100000 1821 100000 100000 566 2237 3585 3818 100000 3304 2558 3924 100000 2477 4998 190 4298 2946 2813 1729 4494 3156 3833 4370 4476 2841 1841 4078 3613 3377 2673 4818 3759 384 2247 4847 4319 110 100000 4671 4549 1775 4711 79 2823 4383 100000 330 982 246 695 3253 724 2816 194 2379 4446 3342 2980 2748 
3839 2604 1194 100000 3010 626 100000 1327 4258 302 652 3077 2050 100000 100000 2316 4978 100000 3055 1789 507 1429 4774 575 185 3174 456 954 295 1835 4131 2028 2694 1288 100000 4762 1585 100000 100000 1666 692 3556 2073 2720 3617 1774 100000 4120 4234 4965 2693 1189 2477 100000 100000 100000 3679 3504 2822 4089 4708 241 1115 643 100000 100000 0 1823 3216 4766 1659 1855 2541 100000 3779 846 4803 100000 100000 100000 100000 4595 349 100000 3996 100000 100000 4996 100000 102 100000 2443 3984 2667 4835 3868 2506 4912 118 69 
440 1363 4746 1009 100000 4166 2829 2377 1384 1478 2685 100000 41 2746 2530 687 1801 750 1635 4623 2606 429 613 3123 1168 865 100000 100000 2523 1921 1846 1776 2330 707 1437 100000 4619 4688 1603 675 1473 100000 1008 4127 1933 100000 100000 100000 1107 1416 644 100000 4998 100000 100000 168 356 100000 100000 1511 2044 1639 2835 100000 738 2195 100000 2881 3101 100000 1543 1471 2361 1453 3099 261 3237 2148 100000 100000 3098 2568 3013 100000 1720 100000 4628 4565 100000 1447 4534 100000 2913 4538 4750 1748 1589 432 4809 3021 
100000 100000 100000 4463 863 2131 3033 100000 3086 100000 3662 266 1412 2171 242 547 1118 3796 1267 875 4286 4554 367 3195 2109 100000 2629 3147 4082 452 524 3905 100000 100000 4408 2421 4340 3305 929 2820 1537 2981 4794 3713 100000 4091 2565 3299 3754 292 100000 3484 190 100000 168 100000 100000 3615 2903 3815 100000 100000 4429 461 3481 2371 1139 335 1794 100000 1177 1542 1514 2223 722 2351 100000 100000 3607 4776 2490 4323 106 100000 100000 100000 1056 100000 2621 2540 4702 1686 100000 1314 2613 100000 3208 3456 164 100000 
100000 4742 100000 455 1952 100000 100000 1900 2659 100000 3917 4539 3947 100000 3400 100000 3279 100000 3196 4251 4535 2912 1547 867 100000 100000 3966 4256 1292 3184 3522 2711 100000 100000 100000 100000 4949 135 1570 698 599 4090 1985 3578 4561 3017 100000 1285 1519 3880 3603 100000 4298 3679 356 100000 100000 100000 2142 100000 2831 930 100000 718 3972 100000 3524 2595 536 2222 2157 2022 4490 100000 4148 470 4338 3978 1138 172 3113 968 4079 100000 540 965 100000 1347 100000 2252 4029 100000 100000 3784 1339 5000 100000 3382 1216 2435 
100000 1215 100000 100000 4988 100000 3953 3189 115 2619 2184 234 3968 3725 2122 3926 100000 3791 1162 100000 100000 625 4021 1913 100000 100000 2612 100000 1914 4519 281 100000 2680 1472 3618 100000 4717 2870 2489 2921 374 3018 1156 4504 2414 4566 499 4923 4015 3807 357 2369 2946 3504 100000 3615 100000 100000 100000 290 4503 100000 100000 100000 1104 4597 4273 2262 4047 880 3351 100000 4117 3095 4038 237 4186 2437 4841 100000 2048 847 100000 1486 1419 100000 200 4239 100000 3139 1236 100000 100000 4865 64 100000 3644 2923 872 3416 
100000 2258 2389 100000 2438 2249 2956 484 761 3580 4609 2393 100000 1691 3688 100000 1964 100000 628 495 2749 100000 474 48 2862 100000 100000 2729 669 2397 1844 4225 100000 4195 2828 100000 3452 3672 100000 100000 4044 100000 100000 2709 100000 210 1944 100000 679 100000 2583 1893 2813 2822 100000 2903 2142 100000 100000 2123 4231 3361 2922 2853 100000 2989 4361 1306 100000 641 3226 2871 100000 100000 477 3150 100000 3422 4380 940 1369 4312 2250 4976 774 4855 2838 4046 2166 3501 100000 100000 1803 2651 100000 2315 1918 4070 100000 4172 
2941 2457 4531 100000 1653 4460 3127 4428 2465 2119 3765 100000 77 1405 1737 2163 100000 3939 37 100000 100000 100000 3907 1337 617 1894 4391 388 1553 100000 1861 100000 1182 1780 3599 1284 943 1125 3213 3860 4153 1919 131 100000 2594 2353 2514 1119 3489 1946 1784 100000 1729 4089 1511 3815 100000 290 2123 100000 993 143 5 969 100000 100000 100000 1594 759 3223 769 100000 100000 312 4699 2577 904 100000 596 3379 479 100000 100000 4267 100000 100000 4075 4515 2176 1848 3999 4608 4509 3263 100000 233 2521 2378 4732 3418 
2712 1667 100000 100000 3168 363 100000 4433 100000 1234 3068 2111 653 4826 2920 2785 4290 2063 2977 3936 100000 4643 2824 771 2591 2386 3836 1395 4673 100000 4607 4647 100000 202 4637 1972 3829 3778 277 4590 3141 100000 100000 2986 100000 4060 3685 100000 100000 3404 2840 100000 4494 4708 2044 100000 2831 4503 4231 993 100000 377 2150 3200 3601 3149 1582 4211 3564 2643 4898 100000 100000 100000 430 272 100000 1227 100000 1442 100000 4205 4960 46 4896 1577 100000 2690 100000 3162 3459 3912 1112 1260 1254 1615 4483 100000 59 100000 
100000 1324 1867 4308 100000 4958 2392 100000 192 2971 100000 3457 3443 100000 100000 1398 100000 1383 100000 100000 315 3453 100000 4918 1895 2652 4419 2082 4498 2958 1338 2398 100000 1206 3809 4493 100000 217 100000 4802 100000 4362 953 100000 100000 694 2137 100000 1521 229 4858 4445 3156 241 1639 100000 930 100000 3361 143 377 100000 3417 3596 1482 100000 100000 278 100000 4054 482 1563 4005 1046 528 3097 4010 2787 3878 100000 1842 1715 100000 1763 4678 742 4017 673 3682 100000 2358 2818 1027 2099 3058 100000 4372 3009 4821 2308 
2231 1840 3545 100000 4103 911 2951 3797 2564 100000 100000 2737 301 1451 439 733 398 100000 2926 2121 2658 1886 638 3639 1883 2407 2040 1481 4599 4573 2273 2427 100000 624 1569 1092 1131 100000 100000 560 4606 597 3176 3745 100000 1515 1488 2420 921 4145 2355 100000 3833 1115 2835 4429 100000 100000 2922 5 2150 3417 100000 100000 100000 3944 4805 347 713 132 3687 100000 100000 307 1245 2670 100000 100000 1096 4715 1287 4994 553 4824 2448 2637 1290 100000 3160 1396 100000 1898 4713 491 3915 3923 100000 100000 4313 1820 
1812 305 100000 2671 100000 4689 100000 100000 70 100000 3327 2732 100000 3467 478 100000 1723 100000 1956 3107 1388 408 2948 100000 2877 450 4368 4524 154 100000 740 2244 1226 612 2975 4143 1621 1610 380 2008 1439 4306 100000 4183 2837 4820 3516 2337 3708 1170 100000 4576 4370 643 100000 461 718 100000 2853 969 3200 3596 100000 100000 668 2791 2988 3027 4135 544 2811 208 1200 3872 235 1622 3852 4500 100000 100000 962 3902 2779 4366 4930 3977 2070 100000 3231 100000 100000 100000 4613 100000 4495 58 1993 2242 1390 1436 
1955 2776 521 2500 3683 2227 2504 100000 100000 2436 979 100000 994 100000 3061 1476 3803 148 4852 3145 2955 471 3499 4604 2773 100000 3654 1130 509 4253 4150 4729 100000 3401 4174 683 1221 2704 3593 4411 100000 4421 3225 4167 26 100000 4331 776 88 4242 100000 3916 4476 100000 738 3481 3972 1104 100000 100000 3601 1482 100000 668 100000 3273 3332 100000 2759 100000 1399 1612 4053 990 4784 3108 2005 4844 410 267 1717 1238 1704 467 4921 1674 100000 100000 3051 4477 100000 1069 189 3034 100000 3100 2479 4956 4293 4659 
4022 4028 100000 4061 4430 2799 3566 2957 4482 1772 3574 1721 1683 100000 3734 4950 100000 4349 3859 3118 1866 2442 3485 2061 3740 100000 2854 2108 4648 100000 1882 100000 100000 236 221 100000 100000 100000 1502 100000 4414 3636 2839 896 4885 3316 100000 393 1029 3831 100000 4875 2841 100000 2195 2371 100000 4597 2989 100000 3149 100000 3944 2791 3273 100000 4052 56 987 2774 1265 100000 100000 2882 3969 2635 318 4570 1188 4948 414 100000 4101 3780 480 3339 100000 403 270 375 100000 2321 100000 1014 100000 4399 100000 1201 1465 100000 
1702 4489 2546 100000 1214 100000 4853 3220 4530 100000 2798 4682 4008 1550 191 1901 1387 2702 2509 100000 100000 1650 100000 100000 2772 4653 100000 3389 100000 328 100000 353 100000 4869 2850 3932 445 100000 100000 4552 100000 4248 1183 4719 3182 2618 4378 4410 239 100000 100000 3866 1841 0 100000 1139 3524 4273 4361 100000 1582 100000 4805 2988 3332 4052 100000 1965 100000 2167 100000 2683 100000 100000 2827 100000 2930 100000 100000 546 1730 100000 3716 371 4807 1714 100000 4533 3823 4059 100000 3503 100000 3827 100000 100000 3204 2309 541 100000 
100000 4669 12 922 1454 4990 1929 3680 3776 564 2013 2735 1147 4525 2650 4601 3634 1479 100000 4291 100000 955 100000 1219 1860 100000 2967 2695 1261 1500 3066 2597 100000 100000 4466 4197 100000 1832 3735 2727 899 830 4616 3376 100000 2408 1533 4745 4779 2984 2775 665 4078 1823 2881 335 2595 2262 1306 1594 4211 278 347 3027 100000 56 1965 100000 2033 1244 762 2185 311 4639 672 4316 100000 1356 1394 3550 100000 4122 322 2570 820 3370 4154 390 513 100000 4292 2781 3207 1197 250 100000 837 100000 688 2133 
574 1642 1541 3824 2939 4726 4359 100000 3848 1520 758 1624 475 4387 1684 3698 2780 4685 1487 100000 100000 3841 3992 2713 3561 582 449 4644 627 2974 100000 768 2151 100000 3655 1151 4903 4194 100000 1924 2210 100000 100000 4336 100000 4422 1516 3951 1591 1013 2019 1079 3613 3216 3101 1794 536 4047 100000 759 3564 100000 713 4135 2759 987 100000 2033 100000 1682 3340 1967 3334 2336 1641 2487 1426 100000 586 809 4792 3804 4720 3627 427 2010 121 100000 3122 100000 100000 3786 3620 2169 1797 100000 1220 3594 2384 4698 
100000 4249 2508 3742 100000 3588 100000 100000 1144 100000 4610 3718 903 100000 1063 259 100000 1108 855 2777 2418 112 857 4813 3749 1441 3894 100000 100000 4546 1448 163 4811 2102 100000 422 2064 100000 100000 100000 100000 100000 1362 1193 1330 1015 4305 2856 100000 4574 198 366 3377 4766 100000 100000 2222 880 641 3223 2643 4054 132 544 100000 2774 2167 1244 1682 100000 100000 4294 2456 1391 2740 3572 3414 3676 100000 288 2390 3730 2569 4508 1137 1614 100000 100000 4240 100000 4957 100000 4582 2532 1937 3075 1798 98 1769 4485 
3931 100000 1984 3512 100000 100000 100000 4250 2825 100000 100000 2589 100000 4147 116 100000 3271 3012 100000 4640 100000 100000 100000 2394 2734 100000 399 100000 100000 100000 1195 2349 47 100000 139 2305 1003 3387 1494 1881 4157 100000 4492 1061 4341 2969 3280 1258 2110 4737 3949 2186 2673 1659 1543 1177 2157 3351 3226 769 4898 482 3687 2811 1399 1265 100000 762 3340 100000 100000 2029 748 100000 100000 4187 2091 3576 853 94 100000 434 2804 100000 4935 100000 1740 2928 308 4353 1983 50 1161 4723 710 100000 1463 549 4451 999 
1566 1781 1739 4025 2654 100000 100000 4109 3781 4564 100000 100000 100000 100000 1634 476 4652 1869 3518 11 660 2406 559 3812 100000 286 1517 3633 1382 4577 732 4707 1655 757 100000 2792 3103 2858 100000 4733 150 4365 1302 370 4886 2678 4026 100000 3667 3799 829 100000 4818 1855 1471 1542 2022 100000 2871 100000 100000 1563 100000 208 1612 100000 2683 2185 1967 4294 2029 100000 2313 4128 4050 100000 1518 100000 3843 100000 645 3648 100000 1211 4603 4748 100000 343 100000 3817 100000 100000 100000 100000 1911 3455 3111 4635 4396 3652 
3705 100000 4753 826 3333 1675 90 2100 55 2115 80 100000 2332 3630 4033 100000 2473 601 1067 100000 2218 3899 2017 576 100000 2927 914 2071 2876 3335 100000 2058 4094 100000 2423 100000 2482 3246 173 100000 3053 1540 100000 100000 2623 908 169 100000 35 3609 1948 100000 3759 2541 2361 1514 4490 4117 100000 100000 100000 4005 100000 1200 4053 100000 100000 311 3334 2456 748 2313 100000 206 2158 2030 595 111 1685 3700 100000 4829 3686 3608 3873 100000 1736 1680 100000 3694 100000 100000 100000 3244 4121 100000 100000 4003 3995 4030 
100000 4615 1475 100000 819 100000 2198 100000 1831 2041 2592 100000 100000 100000 3256 4598 1431 2982 4223 3429 2086 100000 1136 3177 100000 3927 100000 74 1690 3591 3287 100000 100000 1297 4006 100000 100000 100000 57 3358 100000 100000 3057 4073 96 4424 1282 100000 2723 1928 2018 1466 384 100000 1453 2223 100000 3095 100000 312 100000 1046 307 3872 990 2882 100000 4639 2336 1391 100000 4128 206 100000 4984 216 2446 100000 3935 100000 100000 1606 2207 4992 100000 4769 3521 376 2188 854 100000 4224 2632 100000 448 100000 100000 4178 1097 4933 
100000 4393 3498 2491 550 1916 100000 3557 4164 2916 1312 1939 3986 1281 63 3148 2883 3029 490 2794 708 1891 1294 4216 939 2786 496 1526 1143 1588 2327 1551 100000 3192 100000 1706 100000 1557 3888 100000 100000 43 3224 100000 100000 505 1504 2156 1269 100000 2498 100000 2247 3779 3099 722 4148 4038 477 4699 430 528 1245 235 4784 3969 2827 672 1641 2740 100000 4050 2158 4984 100000 4307 4569 2202 100000 1676 926 40 1005 2915 100000 2574 4584 100000 2459 3869 4651 100000 3311 86 2512 3439 711 3427 3003 2023 
1747 4664 152 458 1980 2208 3385 2189 618 100000 3509 2076 100000 100000 100000 2679 807 3187 3293 4395 1036 2814 1407 4214 4107 2290 2314 100000 4871 4796 4499 368 24 4782 583 4815 119 3595 100000 517 3115 100000 100000 133 2255 100000 2910 4389 100000 1458 4450 4192 4847 846 261 2351 470 237 3150 2577 272 3097 2670 1622 3108 2635 100000 4316 2487 3572 4187 100000 2030 216 4307 100000 4995 457 2055 2655 100000 100000 100000 2199 3383 2756 100000 1724 4964 516 100000 4204 341 3768 338 1299 4062 100000 100000 4126 
4330 971 361 219 100000 100000 4032 3532 297 1708 100000 100000 4084 978 1379 100000 3087 1024 1122 527 100000 584 252 6 2919 100000 100000 100000 2360 2754 3600 3323 389 4390 3336 678 100000 4379 4217 4823 100000 3270 1761 100000 100000 1837 663 1599 100000 4110 593 4497 4319 4803 3237 100000 4338 4186 100000 904 100000 4010 100000 3852 2005 318 2930 100000 1426 3414 2091 1518 595 2446 4569 4995 100000 4851 2896 3515 373 62 100000 100000 933 1657 4922 3785 100000 2861 1457 2547 1445 3737 147 2557 4397 100000 1799 100000 
2932 3119 100000 100000 2529 4137 686 2830 3307 2416 1970 4778 100000 931 100000 100000 2260 4035 2278 100000 100000 100000 100000 100000 100000 3447 3703 1402 100000 1307 3661 3430 4455 4123 100000 100000 3997 100000 1795 4771 4893 3623 3910 1874 4709 741 2410 1026 428 100000 100000 3362 110 100000 2148 100000 3978 2437 3422 100000 1227 2787 100000 4500 4844 4570 100000 1356 100000 3676 3576 100000 111 100000 2202 457 4851 100000 2817 2611 1333 2513 4626 3291 100000 4718 100000 3130 100000 3744 1461 2507 4280 1141 100000 1757 2281 3252 3133 629 
2764 4099 726 1927 1734 1746 2187 2696 100000 3555 100000 4181 100000 100000 4714 100000 100000 1873 2608 100000 1793 1283 1443 100000 1370 100000 2672 1255 3743 100000 4828 100000 100000 2961 3810 100000 4440 3663 100000 3983 4182 3069 793 2283 1604 100000 100000 100000 1707 100000 1428 800 100000 100000 100000 3607 1138 4841 4380 596 100000 3878 1096 100000 410 1188 100000 1394 586 100000 853 3843 1685 3935 100000 2055 2896 2817 100000 3106 2229 637 1068 4783 100000 1348 100000 2580 3806 3031 1353 3622 100000 3114 756 3472 3165 3352 3282 3892 
100000 1303 3610 3891 2117 2089 317 2545 4339 100000 2094 100000 3690 100000 2246 3981 3020 362 2763 54 3445 1344 3911 1374 100000 3210 4418 1223 1159 100000 2566 1496 1568 100000 100000 4981 4764 680 3497 334 100000 4894 2474 2538 1083 100000 1899 100000 100000 749 4116 3666 4671 100000 100000 4776 172 100000 940 3379 1442 100000 4715 100000 267 4948 546 3550 809 288 94 100000 3700 100000 1676 2655 3515 2611 3106 100000 1887 1040 2458 4941 3494 3988 1892 600 4693 948 166 4016 3199 4168 162 100000 1116 100000 1373 3102 
1039 3269 100000 1868 1318 100000 170 443 2263 763 746 4413 1688 2812 442 4557 3645 920 3993 100000 3605 1816 100000 4622 100000 3458 433 3369 100000 2452 1632 3629 2372 2322 989 2439 2441 525 100000 2270 4979 916 1567 2257 845 100000 2993 2097 897 3169 779 4019 4549 100000 3098 2490 3113 2048 1369 479 100000 1842 1287 962 1717 414 1730 100000 4792 2390 100000 645 100000 100000 926 100000 373 1333 2229 1887 100000 4467 2428 128 406 1239 3363 3281 874 4261 100000 4959 3761 790 788 1678 2105 1529 4799 100000 
280 4687 122 4114 4993 4363 4001 100000 3047 28 4287 3963 100000 1697 100000 4405 964 4684 1817 100000 100000 716 1963 4191 1843 100000 4739 1332 100000 344 3134 342 3531 3586 4980 1253 100000 1179 4642 100000 1865 3473 4074 2092 607 100000 100000 959 2843 3464 751 3819 1775 4595 2568 4323 968 847 4312 100000 4205 1715 4994 3902 1238 100000 100000 4122 3804 3730 434 3648 4829 1606 40 100000 62 2513 637 1040 4467 100000 100000 4464 100000 3975 3001 3297 224 100000 2586 1942 1590 3883 100000 1940 100000 100000 1824 4252 
100000 3461 3268 1950 3381 1066 4171 3471 100000 2666 3052 100000 3408 3945 100000 4550 4600 100000 1415 453 1681 960 100000 3245 1648 100000 1242 1623 4425 100000 3120 4228 4076 4874 841 100000 606 1006 2 100000 998 1665 649 1695 2661 100000 3391 3239 3324 3858 4650 2192 4711 349 3013 106 4079 100000 2250 100000 4960 100000 553 2779 1704 4101 3716 322 4720 2569 2804 100000 3686 2207 1005 100000 100000 4626 1068 2458 2428 100000 100000 816 1576 100000 1054 4149 100000 2747 4077 1110 100000 534 3171 87 3728 3074 1768 100000 
100000 3143 4545 4502 4417 2341 100000 100000 4908 1317 100000 25 3544 2584 201 4722 100000 4945 424 1509 2211 884 4587 1127 8 4951 100000 720 4955 1771 100000 1687 282 4274 4209 693 195 4384 4469 985 3315 2761 2350 2065 4227 100000 3526 3673 699 100000 100000 4345 79 100000 100000 100000 100000 1486 4976 4267 46 1763 4824 4366 467 3780 371 2570 3627 4508 100000 1211 3608 4992 2915 2199 100000 3291 4783 4941 128 4464 816 100000 4218 1264 100000 2387 1718 1532 287 2845 100000 986 100000 1385 71 885 100000 4342 
1422 100000 1205 4788 100000 4012 3188 100000 100000 3631 2170 100000 3440 4278 577 522 436 2730 100000 100000 4843 3229 100000 100000 2415 2051 100000 3044 3714 100000 836 2848 1055 949 1397 4156 1090 100000 4024 2934 1052 100000 386 1545 2947 2668 100000 83 100000 100000 2271 100000 2823 3996 1720 100000 540 1419 774 100000 4896 4678 2448 4930 4921 480 4807 820 427 1137 4935 4603 3873 100000 100000 3383 933 100000 100000 3494 406 100000 1576 4218 100000 552 100000 4902 2833 243 2422 2836 4271 326 1945 1154 2942 1411 100000 1607 
4850 100000 1595 828 4317 3212 1995 100000 4220 4727 4369 1508 4011 3331 937 100000 4966 402 100000 304 4039 1010 4085 3442 100000 2212 100000 4356 2697 100000 1656 100000 3547 2665 1759 1459 276 3037 1274 737 2478 2703 100000 1229 204 251 2573 4321 3470 100000 1089 4346 4383 100000 100000 100000 965 100000 4855 100000 1577 742 2637 3977 1674 3339 1714 3370 2010 1614 100000 4748 100000 4769 2574 2756 1657 4718 1348 3988 1239 3975 100000 1264 552 100000 4712 4285 4591 3402 3738 100000 2193 2515 100000 636 797 1160 598 4674 
4510 1256 100000 3990 3317 677 387 633 4322 4215 100000 13 49 1716 100000 4069 735 2454 1679 2366 146 3628 690 4496 3855 100000 1605 100000 3834 2968 1990 2549 1095 4159 1903 2325 3398 4817 1088 2943 650 2844 100000 519 1477 850 4856 1692 2335 193 3777 856 100000 100000 4628 1056 100000 200 2838 4075 100000 4017 1290 2070 100000 100000 100000 4154 121 100000 1740 100000 1736 3521 4584 100000 4922 100000 100000 1892 3363 3001 1054 100000 100000 4712 100000 100000 4281 3967 3811 1082 3117 100000 100000 100000 2012 100000 3373 1689 
100000 2201 3313 100000 2056 100000 3388 1121 3191 2216 3970 592 3159 3235 2096 4479 4176 4816 100000 1198 100000 100000 2979 4553 100000 2641 4516 100000 2266 614 100000 4459 2241 4825 3813 4221 2245 4086 1163 3896 1421 435 1555 4900 459 3604 1853 100000 1469 100000 100000 1973 330 4996 4565 100000 1347 4239 4046 4515 2690 673 100000 100000 100000 403 4533 390 100000 100000 2928 343 1680 376 100000 1724 3785 3130 2580 600 3281 3297 4149 2387 4902 4285 100000 100000 1165 100000 4634 3758 2476 1627 2024 4041 4612 100000 3298 2339 
42 100000 1449 100000 3350 1987 1787 3952 1210 2860 100000 4738 3004 140 3045 100000 838 3396 1870 3084 4478 2286 4909 2832 487 3962 2103 1072 3867 100000 4736 3808 3289 1199 4646 4518 3151 2859 100000 3412 1392 840 227 3356 2976 100000 1636 256 100000 4071 100000 100000 982 100000 100000 2621 100000 100000 2166 2176 100000 3682 3160 3231 3051 270 3823 513 3122 4240 308 100000 100000 2188 2459 4964 100000 100000 3806 4693 874 224 100000 1718 2833 4591 4281 1165 100000 16 100000 3294 1322 1175 852 2269 2782 460 3495 561 
640 996 4245 1962 3092 1815 1408 2765 4358 2279 4562 1710 100000 104 1878 2669 100000 4559 4575 1699 972 1719 918 2104 1152 100000 4083 100000 100000 2906 4971 3438 100000 100000 498 2136 3710 3254 100000 1528 4638 100000 100000 2323 2705 915 2726 3395 4000 4097 100000 53 246 102 1447 2540 2252 3139 3501 1848 3162 100000 1396 100000 4477 375 4059 100000 100000 100000 4353 3817 3694 854 3869 516 2861 3744 3031 948 4261 100000 2747 1532 243 3402 3967 100000 16 100000 100000 2471 100000 2455 2318 100000 2615 100000 632 3540 
2788 3958 100000 2196 1007 2396 1806 3048 4351 2653 4989 4863 298 3985 4631 766 100000 2374 2291 100000 3290 100000 3359 2520 3238 100000 100000 100000 2795 3158 211 3232 199 100000 1829 3921 3890 100000 1562 4849 100000 100000 100000 100000 3691 100000 100000 100000 300 2385 1572 4196 695 100000 4534 4702 4029 1236 100000 3999 3459 2358 100000 100000 100000 100000 100000 4292 100000 4957 1983 100000 100000 100000 4651 100000 1457 1461 1353 166 100000 2586 4077 287 2422 3738 3811 4634 100000 100000 100000 511 2985 100000 1671 1336 1062 3973 100000 2141 
100000 2492 3450 100000 100000 3284 420 2205 100000 100000 1826 1132 355 3128 1802 4299 760 4371 4740 1838 78 2277 3529 3763 419 1386 3579 100000 100000 2230 2254 100000 754 4040 2302 4906 100000 3276 3090 1145 1947 3895 2742 2006 2032 936 100000 4551 822 2317 1597 1857 3253 2443 100000 1686 100000 100000 100000 4608 3912 2818 1898 100000 1069 2321 3503 2781 3786 100000 50 100000 100000 4224 100000 4204 2547 2507 3622 4016 4959 1942 1110 2845 2836 100000 1082 3758 3294 2471 511 100000 3732 4662 3583 753 3657 3619 589 100000 
1925 3625 4785 2682 1644 3078 3241 1743 3019 100000 1876 100000 339 565 1073 1372 1609 426 1485 100000 340 3760 1920 869 4 100000 9 1185 3909 394 165 3731 4063 3448 4756 2447 1696 100000 2810 2864 3209 3264 3747 2126 4401 4505 1202 4235 888 3643 100000 2676 724 3984 2913 100000 100000 100000 1803 4509 1112 1027 4713 4613 189 100000 100000 3207 3620 4582 1161 100000 100000 2632 3311 341 1445 4280 100000 3199 3761 1590 100000 100000 4271 2193 3117 2476 1322 100000 2985 3732 100000 1975 2467 4795 100000 4931 100000 100000 
4337 3569 3476 533 3166 3155 3715 3201 100000 1133 100000 4140 3510 2204 2581 1157 2990 3131 876 2031 3689 100000 2451 4257 3283 2265 967 4985 100000 2449 1323 1053 2626 1427 100000 1825 100000 100000 3249 3372 4162 818 4096 177 2411 3624 3519 2268 1389 4158 881 100000 2816 2667 4538 1314 3784 4865 2651 3263 1260 2099 491 100000 3034 1014 3827 1197 2169 2532 4723 100000 3244 100000 86 3768 3737 1141 3114 4168 790 3883 534 986 326 2515 100000 1627 1175 2455 100000 4662 1975 100000 1791 100000 2966 2834 3466 3913 
2550 3793 1796 100000 100000 1546 100000 1998 1004 1527 3828 1460 100000 615 4910 3265 2783 2743 3665 100000 4915 100000 696 4660 4880 100000 100000 100000 849 3314 1406 100000 2177 100000 2880 3394 4081 1420 100000 100000 100000 381 4558 635 1146 137 3674 861 2352 156 100000 100000 194 4835 4750 2613 1339 64 100000 100000 1254 3058 3915 4495 100000 100000 100000 250 1797 1937 710 1911 4121 448 2512 338 147 100000 756 162 788 100000 3171 100000 1945 100000 100000 2024 852 2318 1671 3583 2467 1791 100000 2049 1310 100000 2087 100000 
887 100000 100000 1247 3322 2522 1279 3559 3477 3712 3348 100000 1877 100000 100000 1100 1490 2480 2803 3132 100000 3825 100000 3301 2311 4474 91 100000 4528 493 2233 2412 100000 3326 1822 3008 3242 2582 1000 1735 100000 3222 100000 535 4133 1172 2905 3837 1150 1808 100000 681 2379 3868 1748 100000 5000 100000 2315 233 1615 100000 3923 58 3100 4399 100000 100000 100000 3075 100000 3455 100000 100000 3439 1299 2557 1757 3472 100000 1678 1940 87 1385 1154 636 100000 4041 2269 100000 1336 753 4795 100000 2049 100000 3920 3871 1958 504 
4398 2306 100000 4475 2908 100000 798 4594 100000 2585 1890 4255 4020 4206 1423 100000 1579 3493 100000 100000 100000 1021 2425 1414 1819 3355 2499 100000 100000 100000 38 100000 3240 411 1272 2978 1259 2752 3170 247 1966 100000 3142 2365 1207 3328 3787 1618 2588 4926 946 1304 4446 2506 1589 3208 100000 3644 1918 2521 4483 4372 100000 1993 2479 100000 3204 837 1220 1798 1463 3111 100000 100000 711 4062 4397 2281 3165 1116 2105 100000 3728 71 2942 797 2012 4612 2782 2615 1062 3657 100000 2966 1310 3920 100000 3775 4095 3954 
4511 100000 3965 2937 834 95 3886 100000 100000 238 2559 4932 2842 100000 2238 3006 3801 1410 93 100000 2855 100000 2809 100000 100000 100000 7 100000 4798 4773 2598 100000 662 4672 67 2128 2815 2343 4568 100000 4289 100000 100000 4656 671 4982 100000 100000 4238 2460 4344 129 3342 4912 432 3456 3382 2923 4070 2378 100000 3009 100000 2242 4956 1201 2309 100000 3594 98 549 4635 4003 4178 3427 100000 100000 3252 3352 100000 1529 100000 3074 885 1411 1160 100000 100000 460 100000 3973 3619 4931 2834 100000 3871 3775 100000 4472 100000 
752 4657 1751 1909 100000 100000 4761 2901 123 4704 4857 3960 4136 100000 100000 2190 562 1783 3592 100000 100000 4325 4439 4560 3064 3853 100000 581 2857 100000 3904 100000 100000 654 100000 860 1703 1760 120 100000 1880 2470 4457 203 275 100000 100000 2552 995 2429 473 437 2980 118 4809 164 1216 872 100000 4732 59 4821 4313 1390 4293 1465 541 688 2384 1769 4451 4396 3995 1097 3003 100000 1799 3133 3282 1373 4799 1824 1768 100000 100000 598 3373 3298 3495 632 100000 589 100000 3466 2087 1958 4095 4472 100000 892 
1350 100000 4436 3589 2000 1366 100000 4889 3998 253 100000 100000 622 100000 2486 4104 3989 2312 4487 100000 100000 530 4768 3259 100000 2388 100000 4721 100000 4870 3790 1497 3312 3800 100000 3835 100000 100000 2770 1289 3554 2656 1845 3506 1828 1087 2118 2450 89 2511 2276 100000 2748 69 3021 100000 2435 3416 4172 3418 100000 2308 1820 1436 4659 100000 100000 2133 4698 4485 999 3652 4030 4933 2023 4126 100000 629 3892 3102 100000 4252 100000 4342 1607 4674 1689 2339 561 3540 2141 100000 100000 3913 100000 504 3954 100000 892 100000 
