74 81 40
74 93 86
76 81 62
22 76 252
23 29 3
23 76 6
23 58 48
9 81 28
9 15 30
14 44 27
14 28 45
14 74 63
20 28 75
20 91 78
28 50 113
34 46 33
41 46 1
41 74 43
44 64 26
44 85 204
46 47 213
48 72 35
48 64 88
48 99 89
64 78 410
70 91 50
1 21 15
6 45 84
8 72 55
10 72 80
32 75 24
32 70 47
47 84 83
53 66 0
53 99 69
53 89 102
63 95 58
26 97 7
36 75 119
57 94 64
88 89 16
2 67 12
0 88 42
0 17 114
25 26 22
25 40 124
55 82 106
60 83 46
60 98 59
69 97 98
80 83 128
82 95 87
83 96 71
24 92 4
24 83 8
30 39 14
30 96 38
33 60 202
49 94 156
4 17 60
5 31 23
5 97 95
1 20 72
1 13 85
6 72 90
8 63 70
8 57 115
7 30 413
21 43 100
26 92 9
2 81 122
26 29 34
16 40 215
38 82 2
38 73 57
51 89 53
65 67 56
27 73 74
52 83 79
52 77 110
52 87 330
68 86 121
11 86 13
11 83 25
12 54 41
12 86 49
12 59 77
42 59 131
59 62 5
59 61 143
3 40 117
18 59 37
18 19 81
19 71 11
19 35 20
19 79 54
79 90 166
56 79 172
37 56 135
