150 156 967
76 83 86
76 150 1198
79 192 3713
79 156 4158
6 79 2009
6 22 3602
6 48 4076
48 181 647
48 74 3780
89 171 311
62 89 5432
83 152 1078
83 87 3117
83 105 3588
83 92 3804
85 95 215
85 154 1661
85 171 1723
85 115 2591
85 100 6284
105 193 575
105 126 5419
35 105 5546
89 156 2347
89 158 3601
92 151 2055
75 83 3760
45 105 1110
55 85 4814
22 103 6173
43 74 2522
43 88 5092
91 106 1133
91 126 2636
20 59 695
20 91 1317
14 20 13749
181 183 3228
10 45 506
10 104 801
10 90 2097
10 58 5919
123 183 3720
154 168 2492
154 189 5866
178 181 11381
41 43 389
21 171 1565
40 170 3031
40 97 3615
40 57 4588
52 80 2411
52 139 2836
52 133 2866
57 58 4247
58 61 1898
103 127 5191
139 156 402
82 191 439
82 155 1029
82 86 1969
108 155 3280
108 151 5254
46 172 5189
46 155 6975
25 108 98
25 137 1158
36 140 4851
36 108 5242
36 67 8609
101 137 3843
66 87 3533
109 115 5239
44 115 100
44 138 3629
81 115 7737
112 135 6371
17 66 2616
7 132 3784
7 112 3902
7 44 6301
15 109 1587
15 176 2814
159 161 1187
159 176 2094
159 187 5431
53 176 7298
50 187 1995
50 120 2367
127 160 10561
4 127 6599
93 187 43
93 124 5561
54 120 4872
180 187 7802
107 124 570
107 128 5696
110 193 2893
128 148 90
94 107 2686
94 117 6542
94 194 7337
148 185 1412
194 196 3858
30 96 454
30 159 3095
30 144 7264
78 113 309
78 168 4205
84 168 3994
84 179 7768
143 196 7630
42 168 12350
99 134 2922
99 136 6438
102 117 1818
114 147 4382
114 166 5478
116 124 7229
118 136 2414
119 130 8341
121 146 4350
122 166 5074
125 146 684
125 157 10092
129 173 4214
130 142 5932
136 173 1074
141 199 4001
141 182 10108
142 146 1004
146 186 5309
162 184 6905
165 184 4630
175 198 600
188 199 6793
198 199 2271
0 192 305
0 26 1456
0 153 1799
0 71 4860
1 195 1373
1 69 3112
1 93 6144
2 78 792
3 198 2529
3 173 4291
3 190 4389
5 121 2307
8 147 424
8 142 2427
8 11 2806
8 149 4185
9 16 41
9 139 192
9 177 2776
11 145 1809
12 162 504
13 134 12856
18 169 523
18 199 5940
18 51 6360
19 31 8126
23 175 969
23 38 2931
23 70 7617
24 180 1748
24 98 5495
27 78 11044
28 32 1806
29 199 15648
31 175 1221
31 177 4503
32 39 2210
33 177 2769
33 146 3026
34 65 6124
37 98 4199
37 131 6941
39 73 2371
47 163 987
49 116 1290
51 163 2401
56 78 6581
60 186 3295
60 167 11079
63 65 845
63 113 3226
63 197 7641
63 174 9770
64 194 5657
68 135 4887
71 111 4833
71 162 7072
72 147 3453
72 164 6819
73 168 469
77 122 2889
