13 24 132
3 32 29
3 8 41
3 31 70
8 24 12
8 27 16
1 36 8
1 24 44
1 29 128
5 45 18
35 36 71
35 51 158
45 58 14
0 48 82
6 12 20
6 27 75
6 9 89
7 30 42
7 56 81
11 26 15
11 58 28
12 18 30
18 56 46
19 56 49
20 28 67
20 31 127
21 55 34
23 58 13
28 59 10
30 55 1
31 48 54
37 41 11
37 55 72
38 56 26
41 46 93
22 40 66
22 50 74
22 38 87
5 36 27
5 52 31
33 40 4
33 43 6
25 33 129
42 50 19
16 44 2
16 39 43
10 58 0
10 39 77
53 54 9
17 27 36
17 49 50
49 53 102
49 57 117
2 57 231
4 15 53
4 42 62
34 49 21
34 47 35
14 34 65
