47 52 125
52 56 111
0 13 61
0 63 86
0 52 117
0 23 153
58 65 20
60 63 59
38 63 50
7 60 15
7 12 75
16 58 140
21 43 265
9 43 110
14 53 37
14 27 108
49 58 27
3 27 78
3 43 92
41 49 57
13 58 2
13 34 11
13 26 28
13 30 48
40 41 183
5 17 185
5 57 207
5 20 219
5 61 374
39 41 45
24 59 41
24 55 160
24 37 230
35 43 85
6 26 25
53 67 103
53 54 332
62 68 53
67 69 38
15 62 24
29 43 177
29 42 308
29 46 566
33 67 80
1 41 10
1 66 252
1 44 274
11 53 93
20 45 157
45 64 100
4 69 158
4 28 188
51 65 172
8 51 105
8 18 190
17 48 76
25 56 181
22 32 22
22 48 264
15 35 32
18 50 270
43 56 109
43 57 167
2 63 119
10 56 5
10 24 135
2 36 213
10 31 228
19 43 65
