40 41 7
41 58 39
2 39 149
39 52 46
19 30 2
19 29 16
8 60 14
8 49 21
8 39 28
8 56 53
8 11 168
56 62 18
56 70 64
19 71 44
19 61 49
19 55 107
44 66 125
57 77 52
66 70 92
13 70 24
13 15 215
14 71 3
26 55 11
26 43 48
34 55 154
47 77 57
59 69 134
69 77 10
69 79 110
1 51 94
1 16 100
1 17 118
9 57 130
16 57 40
16 61 59
4 30 74
17 37 146
31 51 152
52 58 6
52 61 111
52 63 197
22 36 30
22 71 42
22 48 68
22 28 93
12 28 70
12 78 120
11 23 34
0 50 65
0 11 180
45 50 88
50 75 36
24 60 132
10 24 54
10 32 119
20 60 43
20 76 101
42 45 183
5 20 25
18 25 12
18 76 45
18 65 56
32 73 31
65 67 148
27 38 9
27 67 144
6 18 165
33 65 139
64 67 163
35 45 81
73 74 116
53 72 232
72 73 252
3 72 58
7 68 37
7 46 90
7 73 99
21 26 221
25 54 82
