52 83 53
52 79 86
52 64 185
74 83 29
77 82 16
12 47 21
12 52 42
17 77 25
17 28 69
17 52 74
38 52 164
39 64 22
47 66 31
47 59 181
43 85 49
55 79 57
55 70 225
55 71 242
24 44 10
24 47 46
24 86 70
29 76 34
29 77 262
22 28 32
3 47 145
19 76 8
44 54 73
49 75 3
49 55 87
62 72 64
63 67 9
63 72 14
75 81 40
2 73 7
2 45 63
2 86 80
2 9 115
6 63 55
36 85 78
36 69 84
6 80 228
1 40 137
1 63 176
9 27 50
53 62 38
53 61 162
27 50 18
32 89 6
35 67 61
10 82 2
16 34 71
4 30 76
4 35 119
8 34 0
13 67 97
32 67 12
32 34 35
20 81 201
78 81 36
18 78 216
26 68 17
26 81 81
37 68 15
31 46 85
31 37 101
33 87 20
33 51 75
33 37 92
87 88 175
5 31 30
5 60 192
7 51 28
15 33 151
21 65 33
21 87 51
21 23 120
41 42 174
41 87 177
48 51 107
48 56 161
0 65 62
11 23 114
58 63 23
25 30 117
25 84 129
14 43 45
57 69 13
28 72 43
28 43 44
