8 34 0
10 82 2
49 75 3
32 89 6
2 73 7
19 76 8
63 67 9
24 44 10
32 67 12
57 69 13
63 72 14
37 68 15
77 82 16
26 68 17
27 50 18
33 87 20
12 47 21
39 64 22
58 63 23
17 77 25
7 51 28
74 83 29
5 31 30
47 66 31
22 28 32
21 65 33
29 76 34
32 34 35
78 81 36
53 62 38
75 81 40
12 52 42
28 72 43
28 43 44
14 43 45
24 47 46
43 85 49
9 27 50
21 87 51
52 83 53
6 63 55
55 79 57
35 67 61
0 65 62
2 45 63
62 72 64
17 28 69
24 86 70
16 34 71
44 54 73
17 52 74
33 51 75
4 30 76
36 85 78
2 86 80
26 81 81
36 69 84
31 46 85
52 79 86
49 55 87
33 37 92
13 67 97
31 37 101
48 51 107
11 23 114
2 9 115
25 30 117
4 35 119
21 23 120
25 84 129
1 40 137
3 47 145
15 33 151
48 56 161
53 61 162
38 52 164
41 42 174
87 88 175
1 63 176
41 87 177
47 59 181
52 64 185
5 60 192
20 81 201
18 78 216
55 70 225
6 80 228
55 71 242
29 77 262
