13 58 2
10 56 5
1 41 10
13 34 11
7 60 15
58 65 20
22 32 22
15 62 24
6 26 25
49 58 27
13 26 28
15 35 32
14 53 37
67 69 38
24 59 41
39 41 45
13 30 48
38 63 50
62 68 53
41 49 57
60 63 59
0 13 61
19 43 65
7 12 75
17 48 76
3 27 78
33 67 80
35 43 85
0 63 86
3 43 92
11 53 93
45 64 100
53 67 103
8 51 105
14 27 108
43 56 109
9 43 110
52 56 111
0 52 117
2 63 119
47 52 125
10 24 135
16 58 140
0 23 153
20 45 157
4 69 158
24 55 160
43 57 167
51 65 172
29 43 177
25 56 181
40 41 183
5 17 185
4 28 188
8 18 190
5 57 207
2 36 213
5 20 219
10 31 228
24 37 230
1 66 252
22 48 264
21 43 265
18 50 270
1 44 274
29 42 308
53 54 332
5 61 374
29 46 566
