10 58 0
30 55 1
16 44 2
33 40 4
33 43 6
1 36 8
53 54 9
28 59 10
37 41 11
8 24 12
23 58 13
45 58 14
11 26 15
8 27 16
5 45 18
42 50 19
6 12 20
34 49 21
38 56 26
5 36 27
11 58 28
3 32 29
12 18 30
5 52 31
21 55 34
34 47 35
17 27 36
3 8 41
7 30 42
16 39 43
1 24 44
18 56 46
19 56 49
17 49 50
4 15 53
31 48 54
4 42 62
14 34 65
22 40 66
20 28 67
3 31 70
35 36 71
37 55 72
22 50 74
6 27 75
10 39 77
7 56 81
0 48 82
22 38 87
6 9 89
41 46 93
49 53 102
49 57 117
20 31 127
1 29 128
25 33 129
13 24 132
35 51 158
2 57 231
