157 387 0
553 924 0
77 215 0
428 769 0
521 801 0
100 634 0
664 840 0
554 575 0
251 696 0
269 608 0
38 181 0
19 630 0
319 432 0
820 931 0
545 863 0
6 229 0
255 526 0
114 417 0
518 633 0
62 162 0
272 341 0
79 825 0
99 288 0
287 705 0
317 651 0
684 877 0
679 863 0
184 531 0
572 624 0
579 896 0
31 239 0
23 781 0
599 958 0
219 245 0
801 948 0
134 793 0
369 718 0
616 745 0
318 847 0
634 952 0
670 795 0
388 919 0
620 628 0
159 225 0
407 801 0
355 863 0
649 988 0
298 636 0
276 550 0
378 517 0
442 458 0
183 300 0
305 971 0
247 256 0
526 991 0
17 976 0
160 660 0
30 951 0
441 904 0
461 596 0
329 745 0
353 741 0
593 776 0
567 596 0
898 973 0
375 850 0
805 849 0
261 386 0
267 765 0
384 626 0
249 698 0
84 944 0
342 751 0
47 330 0
253 637 0
61 565 0
225 632 0
373 858 0
127 376 0
492 986 0
752 925 0
177 809 0
50 981 0
659 872 0
320 997 0
3 865 0
243 668 0
615 818 0
448 633 0
642 962 0
112 967 0
26 730 0
137 265 0
20 163 0
459 646 0
470 885 0
260 270 0
189 445 0
887 905 0
494 852 0
564 828 0
334 864 0
12 428 0
525 819 0
557 616 0
66 112 0
149 229 0
323 349 0
717 944 0
325 446 0
455 655 0
80 923 0
78 733 0
812 979 0
226 455 0
393 721 0
421 888 0
155 175 0
705 761 0
174 938 0
283 861 0
32 888 0
188 296 0
96 123 0
383 582 0
366 472 0
277 955 0
103 226 0
122 824 0
339 873 0
248 787 0
758 860 0
152 846 0
281 510 0
89 579 0
169 542 0
2 268 0
192 890 0
587 785 0
781 889 0
479 812 0
346 672 0
109 797 0
44 339 0
132 944 0
856 868 0
8 33 0
761 888 0
186 927 0
484 716 0
528 684 0
201 455 0
119 758 0
133 892 0
18 694 0
209 921 0
762 869 0
419 713 0
91 894 0
324 801 0
368 962 0
125 166 0
345 594 0
104 419 0
322 870 0
351 398 0
302 307 0
36 403 0
158 509 0
685 822 0
344 892 0
204 520 0
405 463 0
218 686 0
1 772 0
193 754 0
83 771 0
71 285 0
878 990 0
187 266 0
763 950 0
307 422 0
413 700 0
755 786 0
403 874 0
846 973 0
81 848 0
199 266 0
130 172 0
220 497 0
380 631 0
452 557 0
271 663 0
350 761 0
129 779 0
171 910 0
301 431 1
430 869 1
405 532 1
343 631 1
380 407 1
778 836 1
234 318 1
128 735 1
54 951 1
431 588 1
105 737 1
151 249 1
186 433 1
523 574 1
145 577 1
48 905 1
27 729 1
25 263 1
131 604 1
578 839 1
446 667 1
194 387 1
117 827 1
120 216 1
139 781 1
364 781 1
258 338 1
694 726 1
393 493 1
144 624 1
701 900 1
322 348 1
221 972 1
537 777 1
346 856 1
47 957 1
239 389 1
810 879 1
425 910 1
177 703 1
288 733 1
65 435 1
38 315 1
205 247 1
525 901 1
191 255 1
166 758 1
33 592 1
586 881 1
123 743 1
40 637 1
7 363 1
251 264 1
68 124 1
292 669 1
561 721 1
547 669 1
438 584 1
514 660 1
976 995 1
168 679 1
769 823 1
104 499 1
421 635 1
809 890 1
235 256 1
426 917 1
720 845 1
17 647 1
515 565 1
64 205 1
121 361 1
538 991 1
89 506 1
896 941 1
20 708 1
95 807 1
344 923 1
206 232 1
31 256 1
376 831 1
600 609 1
733 771 1
307 601 1
686 953 1
759 839 1
8 885 1
11 687 1
82 260 1
665 918 1
214 248 1
487 761 1
563 822 1
3 91 1
371 738 1
209 905 1
624 925 1
283 600 1
60 685 1
321 874 1
71 473 1
231 829 1
156 611 1
480 925 1
323 819 1
693 780 1
352 696 1
467 623 1
230 643 1
412 811 1
12 293 1
342 838 1
317 904 1
15 766 1
275 765 1
359 874 1
888 962 1
78 722 1
423 694 1
882 927 1
58 539 1
24 863 1
26 606 1
147 943 1
659 720 1
96 838 1
108 664 1
6 172 1
192 315 1
212 800 1
106 484 1
379 542 1
202 777 1
621 722 1
124 924 1
256 497 1
919 981 1
193 988 1
73 169 1
512 966 1
189 227 1
196 346 1
445 592 1
428 570 1
253 998 1
153 877 1
245 533 1
634 784 1
326 570 1
53 181 1
240 950 1
66 136 1
90 725 1
39 128 1
141 519 1
199 658 1
680 724 1
254 564 1
67 653 1
130 228 1
505 823 1
56 945 1
448 867 1
122 973 1
217 784 1
87 823 1
45 102 1
863 986 1
653 715 1
101 752 1
832 904 1
377 492 1
441 806 1
110 788 1
502 805 1
160 401 1
734 788 1
5 973 1
415 588 1
41 576 1
341 926 1
213 998 1
29 627 1
501 731 1
626 965 1
404 418 1
349 681 1
625 855 1
154 348 1
174 551 1
61 963 1
670 826 1
414 426 1
219 475 1
591 816 1
55 574 1
783 877 1
215 671 1
618 777 1
330 963 1
85 908 1
718 865 1
461 638 1
149 968 1
571 936 2
220 923 2
596 991 2
11 498 2
778 888 2
104 704 2
23 881 2
429 945 2
199 816 2
727 888 2
54 329 2
674 983 2
357 999 2
171 821 2
464 730 2
82 314 2
710 932 2
146 176 2
300 341 2
28 361 2
80 721 2
573 833 2
792 797 2
338 584 2
249 277 2
222 298 2
144 884 2
131 300 2
783 821 2
254 359 2
304 696 2
386 399 2
52 902 2
219 530 2
197 301 2
311 986 2
359 715 2
488 521 2
864 899 2
401 658 2
27 497 2
92 134 2
433 633 2
598 619 2
265 305 2
209 303 2
478 991 2
14 891 2
537 648 2
196 473 2
367 778 2
468 693 2
313 561 2
624 960 2
362 828 2
397 731 2
284 866 2
628 887 2
804 866 2
314 959 2
434 796 2
61 810 2
467 535 2
62 717 2
336 883 2
312 524 2
620 722 2
606 722 2
358 408 2
796 800 2
430 789 2
185 979 2
280 483 2
264 873 2
154 937 2
71 702 2
267 331 2
125 420 2
661 795 2
795 869 2
173 596 2
163 278 2
166 398 2
263 959 2
134 832 2
366 423 2
609 887 2
398 647 2
112 656 2
24 993 2
240 914 2
259 718 2
438 941 2
243 878 2
175 951 2
47 831 2
78 207 2
788 927 2
377 653 2
38 478 2
113 753 2
8 290 2
289 670 2
813 987 2
415 889 2
95 570 2
656 921 2
178 560 2
101 393 2
393 607 2
676 757 2
73 414 2
551 952 2
10 896 2
745 753 2
238 287 2
331 759 2
442 621 2
409 745 2
330 461 2
524 708 2
48 815 2
298 971 2
64 962 2
708 716 2
444 496 2
214 759 2
498 651 2
494 974 2
390 531 2
182 857 2
473 890 2
561 973 2
324 565 2
184 453 2
546 663 2
34 973 2
378 562 2
43 489 2
247 412 2
292 798 2
271 670 2
352 798 2
139 940 2
394 713 2
105 390 2
44 272 2
244 903 2
272 283 2
508 664 2
380 463 2
565 847 2
102 577 2
662 736 2
67 880 2
42 720 2
526 878 2
325 993 2
406 451 2
21 364 2
75 686 2
121 999 2
736 869 2
407 921 2
186 602 2
157 913 2
117 958 2
637 931 2
190 231 2
576 879 2
89 144 2
99 203 2
96 641 2
50 333 2
487 578 2
368 791 2
215 839 2
100 603 3
211 212 3
943 984 3
403 535 3
583 977 3
183 358 3
483 880 3
22 933 3
132 748 3
705 958 3
314 704 3
352 571 3
405 899 3
413 433 3
664 721 3
850 934 3
265 356 3
102 880 3
476 785 3
26 106 3
579 623 3
17 659 3
271 884 3
532 960 3
344 409 3
551 874 3
428 791 3
272 495 3
267 610 3
55 410 3
122 601 3
18 960 3
82 879 3
617 757 3
220 757 3
10 792 3
78 907 3
306 525 3
710 825 3
360 422 3
365 867 3
471 790 3
416 974 3
68 348 3
150 934 3
75 784 3
119 994 3
542 870 3
760 984 3
569 985 3
534 906 3
472 956 3
284 345 3
790 867 3
829 931 3
131 595 3
4 825 3
357 807 3
23 488 3
608 967 3
3 271 3
56 931 3
703 820 3
523 840 3
320 598 3
754 977 3
25 832 3
81 949 3
229 711 3
415 930 3
141 284 3
20 641 3
477 918 3
305 510 3
143 863 3
407 560 3
310 538 3
213 371 3
308 995 3
200 594 3
353 570 3
508 785 3
297 711 3
465 840 3
440 913 3
443 550 3
561 964 3
387 560 3
635 974 3
248 319 3
648 661 3
184 488 3
2 99 3
646 743 3
388 894 3
548 931 3
120 442 3
464 748 3
395 748 3
180 690 3
370 813 3
746 761 3
457 746 3
324 573 3
69 572 3
281 739 3
34 821 3
391 756 3
9 158 3
197 582 3
434 772 3
366 450 3
686 750 3
375 837 3
221 837 3
435 862 3
401 737 3
256 903 3
656 742 3
117 129 3
886 950 3
488 544 3
363 857 3
770 810 3
118 753 3
223 233 3
148 927 3
452 929 3
12 758 3
107 264 3
73 251 3
166 563 3
661 735 3
167 834 3
844 975 3
105 363 3
323 384 3
398 965 3
171 922 3
199 496 3
328 363 3
253 336 3
552 937 3
339 805 3
630 841 3
698 814 3
470 570 3
103 403 3
450 776 3
198 660 3
466 672 3
752 796 3
449 779 3
554 593 3
692 778 3
224 727 3
690 890 3
151 587 3
430 536 3
53 221 3
228 926 3
537 975 3
725 991 3
585 975 3
517 536 3
22 781 4
537 935 4
90 650 4
368 842 4
117 475 4
102 223 4
719 753 4
458 491 4
972 984 4
608 680 4
415 825 4
630 730 4
27 225 4
265 456 4
359 611 4
44 88 4
560 799 4
579 728 4
221 468 4
454 751 4
138 978 4
52 91 4
527 603 4
559 577 4
65 950 4
111 428 4
555 918 4
246 521 4
91 786 4
552 556 4
370 757 4
57 319 4
211 851 4
456 749 4
578 882 4
586 989 4
217 699 4
462 806 4
587 615 4
37 132 4
707 768 4
120 701 4
437 444 4
419 875 4
316 490 4
260 961 4
97 301 4
35 751 4
81 445 4
590 790 4
286 852 4
204 785 4
348 954 4
657 952 4
23 969 4
474 884 4
520 775 4
115 363 4
540 682 4
605 933 4
200 868 4
747 897 4
339 675 4
158 175 4
671 803 4
500 666 4
678 929 4
709 814 4
905 979 4
85 672 4
15 894 4
162 794 4
644 714 4
499 619 4
981 983 4
167 623 4
275 279 4
161 808 4
614 879 4
0 711 4
613 671 4
404 708 4
299 670 4
503 699 4
354 674 4
296 506 4
59 86 4
70 519 4
619 689 4
665 890 4
195 696 4
522 593 5
16 684 5
7 774 5
91 490 5
423 768 5
145 382 5
128 909 5
513 792 5
411 521 5
11 236 5
196 682 5
233 332 5
180 481 5
75 98 5
646 992 5
5 257 5
792 858 5
161 816 5
516 772 5
886 977 5
63 193 5
543 747 5
260 914 5
178 337 5
297 581 5
301 773 5
486 833 5
210 945 5
640 650 5
126 294 5
138 337 5
93 974 5
636 765 5
193 391 5
31 876 5
339 677 5
525 732 5
397 686 5
182 485 5
712 835 5
94 240 5
59 858 5
645 789 5
8 179 5
76 654 5
14 510 5
400 593 5
632 782 5
259 982 5
231 612 5
141 568 5
666 878 5
406 478 5
58 329 5
703 939 5
245 274 5
165 555 5
214 566 5
558 659 5
928 958 5
282 841 6
363 627 6
469 584 6
250 670 6
549 965 6
396 788 6
435 740 6
449 942 6
497 712 6
966 969 6
340 557 6
622 734 6
385 997 6
371 855 6
237 388 6
372 614 6
518 654 6
36 853 6
74 460 6
447 570 6
673 745 6
208 574 6
644 754 6
246 439 6
464 893 6
392 794 6
142 392 6
12 176 6
232 243 6
72 888 6
797 912 6
140 341 6
25 629 6
98 985 7
114 970 7
652 869 7
534 743 7
233 489 7
507 627 7
49 704 7
386 845 7
744 803 7
745 767 7
5 589 7
494 859 7
785 996 7
46 476 7
327 666 7
135 528 7
664 764 7
252 408 7
164 570 7
347 429 7
241 583 7
639 877 7
294 362 7
230 589 7
43 697 8
443 877 8
424 842 8
309 780 8
116 689 8
427 819 8
273 560 8
114 398 8
131 920 8
240 817 8
100 683 8
387 980 8
101 335 8
196 541 9
597 768 9
224 295 9
511 895 9
327 511 9
520 543 9
628 688 9
13 199 9
148 242 9
145 695 9
216 580 9
85 482 10
232 529 10
356 911 10
273 374 10
377 946 11
161 291 11
706 797 11
453 802 11
235 381 11
245 691 11
711 871 12
504 643 12
402 722 12
12 830 12
843 983 12
460 859 12
178 947 13
262 314 13
51 130 13
436 920 13
149 916 14
666 854 15
544 723 16
186 915 16
170 511 19
