53 66 0
41 46 1
38 82 2
23 29 3
24 92 4
59 62 5
23 76 6
26 97 7
24 83 8
26 92 9
19 71 11
2 67 12
11 86 13
30 39 14
1 21 15
88 89 16
19 35 20
25 26 22
5 31 23
32 75 24
11 83 25
44 64 26
14 44 27
9 81 28
9 15 30
34 46 33
26 29 34
48 72 35
18 59 37
30 96 38
74 81 40
12 54 41
0 88 42
41 74 43
14 28 45
60 83 46
32 70 47
23 58 48
12 86 49
70 91 50
51 89 53
19 79 54
8 72 55
65 67 56
38 73 57
63 95 58
60 98 59
4 17 60
76 81 62
14 74 63
57 94 64
53 99 69
8 63 70
83 96 71
1 20 72
27 73 74
20 28 75
12 59 77
20 91 78
52 83 79
10 72 80
18 19 81
47 84 83
6 45 84
1 13 85
74 93 86
82 95 87
48 64 88
48 99 89
6 72 90
5 97 95
69 97 98
21 43 100
53 89 102
55 82 106
52 77 110
28 50 113
0 17 114
8 57 115
3 40 117
36 75 119
68 86 121
2 81 122
25 40 124
80 83 128
42 59 131
37 56 135
59 61 143
49 94 156
79 90 166
56 79 172
33 60 202
44 85 204
46 47 213
16 40 215
22 76 252
52 87 330
64 78 410
7 30 413
