19 30 2
14 71 3
52 58 6
40 41 7
27 38 9
69 77 10
26 55 11
18 25 12
8 60 14
19 29 16
56 62 18
8 49 21
13 70 24
5 20 25
8 39 28
22 36 30
32 73 31
11 23 34
50 75 36
7 68 37
41 58 39
16 57 40
22 71 42
20 60 43
19 71 44
18 76 45
39 52 46
26 43 48
19 61 49
57 77 52
8 56 53
10 24 54
18 65 56
47 77 57
3 72 58
16 61 59
56 70 64
0 50 65
22 48 68
12 28 70
4 30 74
35 45 81
25 54 82
45 50 88
7 46 90
66 70 92
22 28 93
1 51 94
7 73 99
1 16 100
20 76 101
19 55 107
69 79 110
52 61 111
73 74 116
1 17 118
10 32 119
12 78 120
44 66 125
9 57 130
24 60 132
59 69 134
33 65 139
27 67 144
17 37 146
65 67 148
2 39 149
31 51 152
34 55 154
64 67 163
6 18 165
8 11 168
0 11 180
42 45 183
52 63 197
13 15 215
21 26 221
53 72 232
72 73 252
