9 16 41
93 187 43
76 83 86
128 148 90
25 108 98
44 115 100
9 139 192
85 95 215
0 192 305
78 113 309
89 171 311
41 43 389
139 156 402
8 147 424
82 191 439
30 96 454
73 168 469
12 162 504
10 45 506
18 169 523
107 124 570
105 193 575
175 198 600
48 181 647
125 146 684
20 59 695
2 78 792
10 104 801
63 65 845
150 156 967
23 175 969
47 163 987
142 146 1004
82 155 1029
136 173 1074
83 152 1078
45 105 1110
91 106 1133
25 137 1158
159 161 1187
76 150 1198
31 175 1221
49 116 1290
20 91 1317
1 195 1373
148 185 1412
0 26 1456
21 171 1565
15 109 1587
85 154 1661
85 171 1723
24 180 1748
0 153 1799
28 32 1806
11 145 1809
102 117 1818
58 61 1898
82 86 1969
50 187 1995
6 79 2009
92 151 2055
159 176 2094
10 90 2097
32 39 2210
198 199 2271
5 121 2307
89 156 2347
50 120 2367
39 73 2371
51 163 2401
52 80 2411
118 136 2414
8 142 2427
154 168 2492
43 74 2522
3 198 2529
85 115 2591
17 66 2616
91 126 2636
94 107 2686
33 177 2769
9 177 2776
8 11 2806
15 176 2814
52 139 2836
52 133 2866
77 122 2889
110 193 2893
99 134 2922
23 38 2931
33 146 3026
40 170 3031
30 159 3095
1 69 3112
83 87 3117
63 113 3226
181 183 3228
108 155 3280
60 186 3295
72 147 3453
66 87 3533
83 105 3588
89 158 3601
6 22 3602
40 97 3615
44 138 3629
79 192 3713
123 183 3720
75 83 3760
48 74 3780
7 132 3784
83 92 3804
101 137 3843
194 196 3858
7 112 3902
84 168 3994
141 199 4001
6 48 4076
79 156 4158
8 149 4185
37 98 4199
78 168 4205
129 173 4214
57 58 4247
3 173 4291
121 146 4350
114 147 4382
3 190 4389
31 177 4503
40 57 4588
165 184 4630
55 85 4814
71 111 4833
36 140 4851
0 71 4860
54 120 4872
68 135 4887
122 166 5074
43 88 5092
46 172 5189
103 127 5191
109 115 5239
36 108 5242
108 151 5254
146 186 5309
105 126 5419
159 187 5431
62 89 5432
114 166 5478
24 98 5495
35 105 5546
93 124 5561
64 194 5657
107 128 5696
154 189 5866
10 58 5919
130 142 5932
18 199 5940
34 65 6124
1 93 6144
22 103 6173
85 100 6284
7 44 6301
18 51 6360
112 135 6371
99 136 6438
94 117 6542
56 78 6581
4 127 6599
188 199 6793
72 164 6819
162 184 6905
37 131 6941
46 155 6975
71 162 7072
116 124 7229
30 144 7264
53 176 7298
94 194 7337
23 70 7617
143 196 7630
63 197 7641
81 115 7737
84 179 7768
180 187 7802
19 31 8126
119 130 8341
36 67 8609
63 174 9770
125 157 10092
141 182 10108
127 160 10561
27 78 11044
60 167 11079
178 181 11381
42 168 12350
13 134 12856
14 20 13749
29 199 15648
